-BEGIN HEADER-
NASA/POWER Source Native Resolution Daily Data 
Dates (month/day/year): 08/01/2023 through 08/31/2023 in UTC
Location: Regional 
elevation from MERRA-2: Average for 0.5 x 0.625 degree lat/lon region = na meters
The value for missing source data that cannot be computed or is outside of the sources availability range: -999 
parameter(s): 
PS     MERRA-2 Surface Pressure (kPa) 
-END HEADER-
LAT,LON,YEAR,DOY,PS
32.5,-119.375,2023,213,101.51
32.5,-118.75,2023,213,101.46
32.5,-118.125,2023,213,101.44
32.5,-117.5,2023,213,101.23
32.5,-116.875,2023,213,97.02
32.5,-116.25,2023,213,92.12
32.5,-115.625,2023,213,99.32
32.5,-115.0,2023,213,100.62
32.5,-114.375,2023,213,99.55
33.0,-119.375,2023,213,101.46
33.0,-118.75,2023,213,101.45
33.0,-118.125,2023,213,101.27
33.0,-117.5,2023,213,100.55
33.0,-116.875,2023,213,94.9
33.0,-116.25,2023,213,95.84
33.0,-115.625,2023,213,100.55
33.0,-115.0,2023,213,99.22
33.0,-114.375,2023,213,98.76
33.5,-119.375,2023,213,101.5
33.5,-118.75,2023,213,101.46
33.5,-118.125,2023,213,100.89
33.5,-117.5,2023,213,98.65
33.5,-116.875,2023,213,92.05
33.5,-116.25,2023,213,95.24
33.5,-115.625,2023,213,96.9
33.5,-115.0,2023,213,97.77
33.5,-114.375,2023,213,97.64
34.0,-119.375,2023,213,101.32
34.0,-118.75,2023,213,99.35
34.0,-118.125,2023,213,97.01
34.0,-117.5,2023,213,94.44
34.0,-116.875,2023,213,90.62
34.0,-116.25,2023,213,91.16
34.0,-115.625,2023,213,95.12
34.0,-115.0,2023,213,97.18
34.0,-114.375,2023,213,97.65
34.5,-119.375,2023,213,93.2
34.5,-118.75,2023,213,92.85
34.5,-118.125,2023,213,92.67
34.5,-117.5,2023,213,90.2
34.5,-116.875,2023,213,89.22
34.5,-116.25,2023,213,92.32
34.5,-115.625,2023,213,95.33
34.5,-115.0,2023,213,94.85
34.5,-114.375,2023,213,95.85
35.0,-119.375,2023,213,92.69
35.0,-118.75,2023,213,91.43
35.0,-118.125,2023,213,90.51
35.0,-117.5,2023,213,91.71
35.0,-116.875,2023,213,91.91
35.0,-116.25,2023,213,94.27
35.0,-115.625,2023,213,90.21
35.0,-115.0,2023,213,91.63
35.0,-114.375,2023,213,93.43
35.5,-119.375,2023,213,99.23
35.5,-118.75,2023,213,93.19
35.5,-118.125,2023,213,87.85
35.5,-117.5,2023,213,91.53
35.5,-116.875,2023,213,92.09
35.5,-116.25,2023,213,93.43
35.5,-115.625,2023,213,89.04
35.5,-115.0,2023,213,89.77
35.5,-114.375,2023,213,91.85
36.0,-119.375,2023,213,100.01
36.0,-118.75,2023,213,89.5
36.0,-118.125,2023,213,81.33
36.0,-117.5,2023,213,88.07
36.0,-116.875,2023,213,92.46
36.0,-116.25,2023,213,92.63
36.0,-115.625,2023,213,88.04
36.0,-115.0,2023,213,93.09
36.0,-114.375,2023,213,93.02
36.5,-119.375,2023,213,98.39
36.5,-118.75,2023,213,83.01
36.5,-118.125,2023,213,78.4
36.5,-117.5,2023,213,88.53
36.5,-116.875,2023,213,91.77
36.5,-116.25,2023,213,90.31
36.5,-115.625,2023,213,85.53
36.5,-115.0,2023,213,89.41
36.5,-114.375,2023,213,92.93
37.0,-119.375,2023,213,90.13
37.0,-118.75,2023,213,75.8
37.0,-118.125,2023,213,79.89
37.0,-117.5,2023,213,86.59
37.0,-116.875,2023,213,86.93
37.0,-116.25,2023,213,86.21
37.0,-115.625,2023,213,86.58
37.0,-115.0,2023,213,87.73
37.0,-114.375,2023,213,90.14
37.5,-119.375,2023,213,79.56
37.5,-118.75,2023,213,74.9
37.5,-118.125,2023,213,80.69
37.5,-117.5,2023,213,83.44
37.5,-116.875,2023,213,83.79
37.5,-116.25,2023,213,83.0
37.5,-115.625,2023,213,83.88
37.5,-115.0,2023,213,85.38
37.5,-114.375,2023,213,83.92
38.0,-119.375,2023,213,75.53
38.0,-118.75,2023,213,78.21
38.0,-118.125,2023,213,81.4
38.0,-117.5,2023,213,83.08
38.0,-116.875,2023,213,82.34
38.0,-116.25,2023,213,82.66
38.0,-115.625,2023,213,82.06
38.0,-115.0,2023,213,83.8
38.0,-114.375,2023,213,82.2
38.5,-119.375,2023,213,78.32
38.5,-118.75,2023,213,81.77
38.5,-118.125,2023,213,82.53
38.5,-117.5,2023,213,81.43
38.5,-116.875,2023,213,79.68
38.5,-116.25,2023,213,81.0
38.5,-115.625,2023,213,82.75
38.5,-115.0,2023,213,81.88
38.5,-114.375,2023,213,80.57
39.0,-119.375,2023,213,83.58
39.0,-118.75,2023,213,85.4
39.0,-118.125,2023,213,83.58
39.0,-117.5,2023,213,80.2
39.0,-116.875,2023,213,78.42
39.0,-116.25,2023,213,78.8
39.0,-115.625,2023,213,80.1
39.0,-115.0,2023,213,80.06
39.0,-114.375,2023,213,79.92
39.5,-119.375,2023,213,84.77
39.5,-118.75,2023,213,87.52
39.5,-118.125,2023,213,84.94
39.5,-117.5,2023,213,81.3
39.5,-116.875,2023,213,80.18
39.5,-116.25,2023,213,80.26
39.5,-115.625,2023,213,80.44
39.5,-115.0,2023,213,79.65
39.5,-114.375,2023,213,80.02
40.0,-119.375,2023,213,85.36
40.0,-118.75,2023,213,86.86
40.0,-118.125,2023,213,86.59
40.0,-117.5,2023,213,84.72
40.0,-116.875,2023,213,82.07
40.0,-116.25,2023,213,81.4
40.0,-115.625,2023,213,80.36
40.0,-115.0,2023,213,79.85
40.0,-114.375,2023,213,81.15
40.5,-119.375,2023,213,85.99
40.5,-118.75,2023,213,85.49
40.5,-118.125,2023,213,85.05
40.5,-117.5,2023,213,84.08
40.5,-116.875,2023,213,84.02
40.5,-116.25,2023,213,82.74
40.5,-115.625,2023,213,81.18
40.5,-115.0,2023,213,80.76
40.5,-114.375,2023,213,82.72
41.0,-119.375,2023,213,84.37
41.0,-118.75,2023,213,86.32
41.0,-118.125,2023,213,85.86
41.0,-117.5,2023,213,85.1
41.0,-116.875,2023,213,84.43
41.0,-116.25,2023,213,81.96
41.0,-115.625,2023,213,81.91
41.0,-115.0,2023,213,81.21
41.0,-114.375,2023,213,82.77
41.5,-119.375,2023,213,82.52
41.5,-118.75,2023,213,84.32
41.5,-118.125,2023,213,85.45
41.5,-117.5,2023,213,84.32
41.5,-116.875,2023,213,83.23
41.5,-116.25,2023,213,81.04
41.5,-115.625,2023,213,80.23
41.5,-115.0,2023,213,81.12
41.5,-114.375,2023,213,82.22
42.0,-119.375,2023,213,82.65
42.0,-118.75,2023,213,84.64
42.0,-118.125,2023,213,83.22
42.0,-117.5,2023,213,83.56
42.0,-116.875,2023,213,83.68
42.0,-116.25,2023,213,82.8
42.0,-115.625,2023,213,81.97
42.0,-115.0,2023,213,81.74
42.0,-114.375,2023,213,82.61
32.5,-119.375,2023,214,101.65
32.5,-118.75,2023,214,101.59
32.5,-118.125,2023,214,101.51
32.5,-117.5,2023,214,101.29
32.5,-116.875,2023,214,97.04
32.5,-116.25,2023,214,92.12
32.5,-115.625,2023,214,99.28
32.5,-115.0,2023,214,100.55
32.5,-114.375,2023,214,99.47
33.0,-119.375,2023,214,101.58
33.0,-118.75,2023,214,101.53
33.0,-118.125,2023,214,101.34
33.0,-117.5,2023,214,100.59
33.0,-116.875,2023,214,94.94
33.0,-116.25,2023,214,95.84
33.0,-115.625,2023,214,100.54
33.0,-115.0,2023,214,99.13
33.0,-114.375,2023,214,98.67
33.5,-119.375,2023,214,101.59
33.5,-118.75,2023,214,101.51
33.5,-118.125,2023,214,100.94
33.5,-117.5,2023,214,98.67
33.5,-116.875,2023,214,92.06
33.5,-116.25,2023,214,95.25
33.5,-115.625,2023,214,96.88
33.5,-115.0,2023,214,97.68
33.5,-114.375,2023,214,97.54
34.0,-119.375,2023,214,101.31
34.0,-118.75,2023,214,99.38
34.0,-118.125,2023,214,97.02
34.0,-117.5,2023,214,94.44
34.0,-116.875,2023,214,90.64
34.0,-116.25,2023,214,91.16
34.0,-115.625,2023,214,95.11
34.0,-115.0,2023,214,97.1
34.0,-114.375,2023,214,97.54
34.5,-119.375,2023,214,93.22
34.5,-118.75,2023,214,92.85
34.5,-118.125,2023,214,92.66
34.5,-117.5,2023,214,90.19
34.5,-116.875,2023,214,89.19
34.5,-116.25,2023,214,92.3
34.5,-115.625,2023,214,95.37
34.5,-115.0,2023,214,94.79
34.5,-114.375,2023,214,95.74
35.0,-119.375,2023,214,92.72
35.0,-118.75,2023,214,91.43
35.0,-118.125,2023,214,90.52
35.0,-117.5,2023,214,91.72
35.0,-116.875,2023,214,91.93
35.0,-116.25,2023,214,94.31
35.0,-115.625,2023,214,90.25
35.0,-115.0,2023,214,91.6
35.0,-114.375,2023,214,93.37
35.5,-119.375,2023,214,99.37
35.5,-118.75,2023,214,93.22
35.5,-118.125,2023,214,87.85
35.5,-117.5,2023,214,91.56
35.5,-116.875,2023,214,92.11
35.5,-116.25,2023,214,93.46
35.5,-115.625,2023,214,89.09
35.5,-115.0,2023,214,89.78
35.5,-114.375,2023,214,91.82
36.0,-119.375,2023,214,100.15
36.0,-118.75,2023,214,89.52
36.0,-118.125,2023,214,81.33
36.0,-117.5,2023,214,88.08
36.0,-116.875,2023,214,92.48
36.0,-116.25,2023,214,92.67
36.0,-115.625,2023,214,88.03
36.0,-115.0,2023,214,93.1
36.0,-114.375,2023,214,93.0
36.5,-119.375,2023,214,98.48
36.5,-118.75,2023,214,83.0
36.5,-118.125,2023,214,78.33
36.5,-117.5,2023,214,88.52
36.5,-116.875,2023,214,91.76
36.5,-116.25,2023,214,90.31
36.5,-115.625,2023,214,85.48
36.5,-115.0,2023,214,89.39
36.5,-114.375,2023,214,92.9
37.0,-119.375,2023,214,90.15
37.0,-118.75,2023,214,75.75
37.0,-118.125,2023,214,79.83
37.0,-117.5,2023,214,86.56
37.0,-116.875,2023,214,86.9
37.0,-116.25,2023,214,86.18
37.0,-115.625,2023,214,86.53
37.0,-115.0,2023,214,87.72
37.0,-114.375,2023,214,90.11
37.5,-119.375,2023,214,79.5
37.5,-118.75,2023,214,74.82
37.5,-118.125,2023,214,80.64
37.5,-117.5,2023,214,83.39
37.5,-116.875,2023,214,83.76
37.5,-116.25,2023,214,82.94
37.5,-115.625,2023,214,83.82
37.5,-115.0,2023,214,85.34
37.5,-114.375,2023,214,83.86
38.0,-119.375,2023,214,75.44
38.0,-118.75,2023,214,78.12
38.0,-118.125,2023,214,81.35
38.0,-117.5,2023,214,83.02
38.0,-116.875,2023,214,82.26
38.0,-116.25,2023,214,82.58
38.0,-115.625,2023,214,81.96
38.0,-115.0,2023,214,83.7
38.0,-114.375,2023,214,82.13
38.5,-119.375,2023,214,78.24
38.5,-118.75,2023,214,81.68
38.5,-118.125,2023,214,82.5
38.5,-117.5,2023,214,81.35
38.5,-116.875,2023,214,79.59
38.5,-116.25,2023,214,80.91
38.5,-115.625,2023,214,82.64
38.5,-115.0,2023,214,81.75
38.5,-114.375,2023,214,80.47
39.0,-119.375,2023,214,83.47
39.0,-118.75,2023,214,85.38
39.0,-118.125,2023,214,83.54
39.0,-117.5,2023,214,80.1
39.0,-116.875,2023,214,78.32
39.0,-116.25,2023,214,78.69
39.0,-115.625,2023,214,79.96
39.0,-115.0,2023,214,79.93
39.0,-114.375,2023,214,79.81
39.5,-119.375,2023,214,84.65
39.5,-118.75,2023,214,87.48
39.5,-118.125,2023,214,84.87
39.5,-117.5,2023,214,81.22
39.5,-116.875,2023,214,80.1
39.5,-116.25,2023,214,80.14
39.5,-115.625,2023,214,80.29
39.5,-115.0,2023,214,79.52
39.5,-114.375,2023,214,79.92
40.0,-119.375,2023,214,85.26
40.0,-118.75,2023,214,86.81
40.0,-118.125,2023,214,86.56
40.0,-117.5,2023,214,84.7
40.0,-116.875,2023,214,82.04
40.0,-116.25,2023,214,81.34
40.0,-115.625,2023,214,80.28
40.0,-115.0,2023,214,79.76
40.0,-114.375,2023,214,81.1
40.5,-119.375,2023,214,85.91
40.5,-118.75,2023,214,85.44
40.5,-118.125,2023,214,85.03
40.5,-117.5,2023,214,84.09
40.5,-116.875,2023,214,84.06
40.5,-116.25,2023,214,82.76
40.5,-115.625,2023,214,81.17
40.5,-115.0,2023,214,80.74
40.5,-114.375,2023,214,82.78
41.0,-119.375,2023,214,84.34
41.0,-118.75,2023,214,86.31
41.0,-118.125,2023,214,85.87
41.0,-117.5,2023,214,85.12
41.0,-116.875,2023,214,84.46
41.0,-116.25,2023,214,81.96
41.0,-115.625,2023,214,81.94
41.0,-115.0,2023,214,81.23
41.0,-114.375,2023,214,82.87
41.5,-119.375,2023,214,82.49
41.5,-118.75,2023,214,84.31
41.5,-118.125,2023,214,85.44
41.5,-117.5,2023,214,84.3
41.5,-116.875,2023,214,83.22
41.5,-116.25,2023,214,81.02
41.5,-115.625,2023,214,80.22
41.5,-115.0,2023,214,81.14
41.5,-114.375,2023,214,82.3
42.0,-119.375,2023,214,82.62
42.0,-118.75,2023,214,84.63
42.0,-118.125,2023,214,83.2
42.0,-117.5,2023,214,83.54
42.0,-116.875,2023,214,83.67
42.0,-116.25,2023,214,82.81
42.0,-115.625,2023,214,81.98
42.0,-115.0,2023,214,81.75
42.0,-114.375,2023,214,82.66
32.5,-119.375,2023,215,101.66
32.5,-118.75,2023,215,101.6
32.5,-118.125,2023,215,101.5
32.5,-117.5,2023,215,101.27
32.5,-116.875,2023,215,97.02
32.5,-116.25,2023,215,92.05
32.5,-115.625,2023,215,99.15
32.5,-115.0,2023,215,100.47
32.5,-114.375,2023,215,99.38
33.0,-119.375,2023,215,101.58
33.0,-118.75,2023,215,101.53
33.0,-118.125,2023,215,101.32
33.0,-117.5,2023,215,100.56
33.0,-116.875,2023,215,94.91
33.0,-116.25,2023,215,95.74
33.0,-115.625,2023,215,100.44
33.0,-115.0,2023,215,99.04
33.0,-114.375,2023,215,98.59
33.5,-119.375,2023,215,101.55
33.5,-118.75,2023,215,101.48
33.5,-118.125,2023,215,100.92
33.5,-117.5,2023,215,98.63
33.5,-116.875,2023,215,91.98
33.5,-116.25,2023,215,95.12
33.5,-115.625,2023,215,96.78
33.5,-115.0,2023,215,97.57
33.5,-114.375,2023,215,97.46
34.0,-119.375,2023,215,101.27
34.0,-118.75,2023,215,99.32
34.0,-118.125,2023,215,96.97
34.0,-117.5,2023,215,94.38
34.0,-116.875,2023,215,90.55
34.0,-116.25,2023,215,91.03
34.0,-115.625,2023,215,94.98
34.0,-115.0,2023,215,96.97
34.0,-114.375,2023,215,97.44
34.5,-119.375,2023,215,93.16
34.5,-118.75,2023,215,92.77
34.5,-118.125,2023,215,92.59
34.5,-117.5,2023,215,90.1
34.5,-116.875,2023,215,89.1
34.5,-116.25,2023,215,92.14
34.5,-115.625,2023,215,95.2
34.5,-115.0,2023,215,94.66
34.5,-114.375,2023,215,95.63
35.0,-119.375,2023,215,92.78
35.0,-118.75,2023,215,91.45
35.0,-118.125,2023,215,90.47
35.0,-117.5,2023,215,91.66
35.0,-116.875,2023,215,91.85
35.0,-116.25,2023,215,94.19
35.0,-115.625,2023,215,90.1
35.0,-115.0,2023,215,91.47
35.0,-114.375,2023,215,93.24
35.5,-119.375,2023,215,99.43
35.5,-118.75,2023,215,93.25
35.5,-118.125,2023,215,87.78
35.5,-117.5,2023,215,91.51
35.5,-116.875,2023,215,92.06
35.5,-116.25,2023,215,93.37
35.5,-115.625,2023,215,88.96
35.5,-115.0,2023,215,89.65
35.5,-114.375,2023,215,91.69
36.0,-119.375,2023,215,100.21
36.0,-118.75,2023,215,89.5
36.0,-118.125,2023,215,81.23
36.0,-117.5,2023,215,88.03
36.0,-116.875,2023,215,92.43
36.0,-116.25,2023,215,92.6
36.0,-115.625,2023,215,87.94
36.0,-115.0,2023,215,93.0
36.0,-114.375,2023,215,92.88
36.5,-119.375,2023,215,98.55
36.5,-118.75,2023,215,82.94
36.5,-118.125,2023,215,78.22
36.5,-117.5,2023,215,88.43
36.5,-116.875,2023,215,91.7
36.5,-116.25,2023,215,90.25
36.5,-115.625,2023,215,85.41
36.5,-115.0,2023,215,89.31
36.5,-114.375,2023,215,92.81
37.0,-119.375,2023,215,90.14
37.0,-118.75,2023,215,75.65
37.0,-118.125,2023,215,79.72
37.0,-117.5,2023,215,86.49
37.0,-116.875,2023,215,86.84
37.0,-116.25,2023,215,86.12
37.0,-115.625,2023,215,86.46
37.0,-115.0,2023,215,87.65
37.0,-114.375,2023,215,90.04
37.5,-119.375,2023,215,79.42
37.5,-118.75,2023,215,74.74
37.5,-118.125,2023,215,80.53
37.5,-117.5,2023,215,83.31
37.5,-116.875,2023,215,83.67
37.5,-116.25,2023,215,82.88
37.5,-115.625,2023,215,83.76
37.5,-115.0,2023,215,85.26
37.5,-114.375,2023,215,83.8
38.0,-119.375,2023,215,75.35
38.0,-118.75,2023,215,78.03
38.0,-118.125,2023,215,81.24
38.0,-117.5,2023,215,82.95
38.0,-116.875,2023,215,82.2
38.0,-116.25,2023,215,82.52
38.0,-115.625,2023,215,81.92
38.0,-115.0,2023,215,83.64
38.0,-114.375,2023,215,82.08
38.5,-119.375,2023,215,78.16
38.5,-118.75,2023,215,81.58
38.5,-118.125,2023,215,82.37
38.5,-117.5,2023,215,81.28
38.5,-116.875,2023,215,79.53
38.5,-116.25,2023,215,80.87
38.5,-115.625,2023,215,82.6
38.5,-115.0,2023,215,81.72
38.5,-114.375,2023,215,80.45
39.0,-119.375,2023,215,83.42
39.0,-118.75,2023,215,85.25
39.0,-118.125,2023,215,83.41
39.0,-117.5,2023,215,80.03
39.0,-116.875,2023,215,78.28
39.0,-116.25,2023,215,78.66
39.0,-115.625,2023,215,79.95
39.0,-115.0,2023,215,79.91
39.0,-114.375,2023,215,79.8
39.5,-119.375,2023,215,84.6
39.5,-118.75,2023,215,87.35
39.5,-118.125,2023,215,84.76
39.5,-117.5,2023,215,81.13
39.5,-116.875,2023,215,80.05
39.5,-116.25,2023,215,80.12
39.5,-115.625,2023,215,80.29
39.5,-115.0,2023,215,79.51
39.5,-114.375,2023,215,79.9
40.0,-119.375,2023,215,85.2
40.0,-118.75,2023,215,86.69
40.0,-118.125,2023,215,86.43
40.0,-117.5,2023,215,84.58
40.0,-116.875,2023,215,81.95
40.0,-116.25,2023,215,81.29
40.0,-115.625,2023,215,80.26
40.0,-115.0,2023,215,79.74
40.0,-114.375,2023,215,81.05
40.5,-119.375,2023,215,85.86
40.5,-118.75,2023,215,85.34
40.5,-118.125,2023,215,84.92
40.5,-117.5,2023,215,83.99
40.5,-116.875,2023,215,83.96
40.5,-116.25,2023,215,82.69
40.5,-115.625,2023,215,81.12
40.5,-115.0,2023,215,80.71
40.5,-114.375,2023,215,82.71
41.0,-119.375,2023,215,84.29
41.0,-118.75,2023,215,86.24
41.0,-118.125,2023,215,85.76
41.0,-117.5,2023,215,85.01
41.0,-116.875,2023,215,84.38
41.0,-116.25,2023,215,81.92
41.0,-115.625,2023,215,81.89
41.0,-115.0,2023,215,81.18
41.0,-114.375,2023,215,82.79
41.5,-119.375,2023,215,82.48
41.5,-118.75,2023,215,84.3
41.5,-118.125,2023,215,85.38
41.5,-117.5,2023,215,84.23
41.5,-116.875,2023,215,83.16
41.5,-116.25,2023,215,80.98
41.5,-115.625,2023,215,80.18
41.5,-115.0,2023,215,81.09
41.5,-114.375,2023,215,82.22
42.0,-119.375,2023,215,82.67
42.0,-118.75,2023,215,84.65
42.0,-118.125,2023,215,83.2
42.0,-117.5,2023,215,83.51
42.0,-116.875,2023,215,83.61
42.0,-116.25,2023,215,82.76
42.0,-115.625,2023,215,81.95
42.0,-115.0,2023,215,81.71
42.0,-114.375,2023,215,82.6
32.5,-119.375,2023,216,101.48
32.5,-118.75,2023,216,101.44
32.5,-118.125,2023,216,101.36
32.5,-117.5,2023,216,101.16
32.5,-116.875,2023,216,96.87
32.5,-116.25,2023,216,91.88
32.5,-115.625,2023,216,99.07
32.5,-115.0,2023,216,100.35
32.5,-114.375,2023,216,99.24
33.0,-119.375,2023,216,101.41
33.0,-118.75,2023,216,101.37
33.0,-118.125,2023,216,101.19
33.0,-117.5,2023,216,100.44
33.0,-116.875,2023,216,94.71
33.0,-116.25,2023,216,95.63
33.0,-115.625,2023,216,100.35
33.0,-115.0,2023,216,98.93
33.0,-114.375,2023,216,98.46
33.5,-119.375,2023,216,101.41
33.5,-118.75,2023,216,101.35
33.5,-118.125,2023,216,100.8
33.5,-117.5,2023,216,98.51
33.5,-116.875,2023,216,91.83
33.5,-116.25,2023,216,95.01
33.5,-115.625,2023,216,96.66
33.5,-115.0,2023,216,97.46
33.5,-114.375,2023,216,97.33
34.0,-119.375,2023,216,101.15
34.0,-118.75,2023,216,99.17
34.0,-118.125,2023,216,96.85
34.0,-117.5,2023,216,94.23
34.0,-116.875,2023,216,90.39
34.0,-116.25,2023,216,90.92
34.0,-115.625,2023,216,94.88
34.0,-115.0,2023,216,96.88
34.0,-114.375,2023,216,97.33
34.5,-119.375,2023,216,93.06
34.5,-118.75,2023,216,92.7
34.5,-118.125,2023,216,92.48
34.5,-117.5,2023,216,90.0
34.5,-116.875,2023,216,88.98
34.5,-116.25,2023,216,92.05
34.5,-115.625,2023,216,95.1
34.5,-115.0,2023,216,94.57
34.5,-114.375,2023,216,95.53
35.0,-119.375,2023,216,92.73
35.0,-118.75,2023,216,91.38
35.0,-118.125,2023,216,90.36
35.0,-117.5,2023,216,91.56
35.0,-116.875,2023,216,91.74
35.0,-116.25,2023,216,94.08
35.0,-115.625,2023,216,89.99
35.0,-115.0,2023,216,91.37
35.0,-114.375,2023,216,93.15
35.5,-119.375,2023,216,99.32
35.5,-118.75,2023,216,93.17
35.5,-118.125,2023,216,87.67
35.5,-117.5,2023,216,91.41
35.5,-116.875,2023,216,91.96
35.5,-116.25,2023,216,93.25
35.5,-115.625,2023,216,88.84
35.5,-115.0,2023,216,89.53
35.5,-114.375,2023,216,91.59
36.0,-119.375,2023,216,100.12
36.0,-118.75,2023,216,89.42
36.0,-118.125,2023,216,81.16
36.0,-117.5,2023,216,87.94
36.0,-116.875,2023,216,92.33
36.0,-116.25,2023,216,92.47
36.0,-115.625,2023,216,87.83
36.0,-115.0,2023,216,92.85
36.0,-114.375,2023,216,92.75
36.5,-119.375,2023,216,98.46
36.5,-118.75,2023,216,82.9
36.5,-118.125,2023,216,78.2
36.5,-117.5,2023,216,88.38
36.5,-116.875,2023,216,91.62
36.5,-116.25,2023,216,90.13
36.5,-115.625,2023,216,85.31
36.5,-115.0,2023,216,89.15
36.5,-114.375,2023,216,92.65
37.0,-119.375,2023,216,90.07
37.0,-118.75,2023,216,75.65
37.0,-118.125,2023,216,79.72
37.0,-117.5,2023,216,86.44
37.0,-116.875,2023,216,86.77
37.0,-116.25,2023,216,86.02
37.0,-115.625,2023,216,86.36
37.0,-115.0,2023,216,87.51
37.0,-114.375,2023,216,89.87
37.5,-119.375,2023,216,79.41
37.5,-118.75,2023,216,74.76
37.5,-118.125,2023,216,80.52
37.5,-117.5,2023,216,83.29
37.5,-116.875,2023,216,83.63
37.5,-116.25,2023,216,82.8
37.5,-115.625,2023,216,83.68
37.5,-115.0,2023,216,85.14
37.5,-114.375,2023,216,83.7
38.0,-119.375,2023,216,75.38
38.0,-118.75,2023,216,78.05
38.0,-118.125,2023,216,81.25
38.0,-117.5,2023,216,82.93
38.0,-116.875,2023,216,82.16
38.0,-116.25,2023,216,82.45
38.0,-115.625,2023,216,81.85
38.0,-115.0,2023,216,83.54
38.0,-114.375,2023,216,82.0
38.5,-119.375,2023,216,78.2
38.5,-118.75,2023,216,81.62
38.5,-118.125,2023,216,82.41
38.5,-117.5,2023,216,81.27
38.5,-116.875,2023,216,79.51
38.5,-116.25,2023,216,80.81
38.5,-115.625,2023,216,82.54
38.5,-115.0,2023,216,81.64
38.5,-114.375,2023,216,80.38
39.0,-119.375,2023,216,83.47
39.0,-118.75,2023,216,85.3
39.0,-118.125,2023,216,83.45
39.0,-117.5,2023,216,80.04
39.0,-116.875,2023,216,78.26
39.0,-116.25,2023,216,78.63
39.0,-115.625,2023,216,79.9
39.0,-115.0,2023,216,79.85
39.0,-114.375,2023,216,79.76
39.5,-119.375,2023,216,84.66
39.5,-118.75,2023,216,87.42
39.5,-118.125,2023,216,84.81
39.5,-117.5,2023,216,81.14
39.5,-116.875,2023,216,80.04
39.5,-116.25,2023,216,80.1
39.5,-115.625,2023,216,80.26
39.5,-115.0,2023,216,79.48
39.5,-114.375,2023,216,79.9
40.0,-119.375,2023,216,85.27
40.0,-118.75,2023,216,86.75
40.0,-118.125,2023,216,86.48
40.0,-117.5,2023,216,84.62
40.0,-116.875,2023,216,81.97
40.0,-116.25,2023,216,81.29
40.0,-115.625,2023,216,80.26
40.0,-115.0,2023,216,79.75
40.0,-114.375,2023,216,81.09
40.5,-119.375,2023,216,85.93
40.5,-118.75,2023,216,85.39
40.5,-118.125,2023,216,84.98
40.5,-117.5,2023,216,84.03
40.5,-116.875,2023,216,84.0
40.5,-116.25,2023,216,82.72
40.5,-115.625,2023,216,81.15
40.5,-115.0,2023,216,80.75
40.5,-114.375,2023,216,82.77
41.0,-119.375,2023,216,84.36
41.0,-118.75,2023,216,86.28
41.0,-118.125,2023,216,85.82
41.0,-117.5,2023,216,85.09
41.0,-116.875,2023,216,84.44
41.0,-116.25,2023,216,81.97
41.0,-115.625,2023,216,81.94
41.0,-115.0,2023,216,81.25
41.0,-114.375,2023,216,82.84
41.5,-119.375,2023,216,82.56
41.5,-118.75,2023,216,84.35
41.5,-118.125,2023,216,85.45
41.5,-117.5,2023,216,84.31
41.5,-116.875,2023,216,83.24
41.5,-116.25,2023,216,81.05
41.5,-115.625,2023,216,80.25
41.5,-115.0,2023,216,81.16
41.5,-114.375,2023,216,82.29
42.0,-119.375,2023,216,82.74
42.0,-118.75,2023,216,84.76
42.0,-118.125,2023,216,83.3
42.0,-117.5,2023,216,83.63
42.0,-116.875,2023,216,83.73
42.0,-116.25,2023,216,82.87
42.0,-115.625,2023,216,82.06
42.0,-115.0,2023,216,81.8
42.0,-114.375,2023,216,82.68
32.5,-119.375,2023,217,101.21
32.5,-118.75,2023,217,101.19
32.5,-118.125,2023,217,101.13
32.5,-117.5,2023,217,100.93
32.5,-116.875,2023,217,96.65
32.5,-116.25,2023,217,91.74
32.5,-115.625,2023,217,98.9
32.5,-115.0,2023,217,100.21
32.5,-114.375,2023,217,99.11
33.0,-119.375,2023,217,101.15
33.0,-118.75,2023,217,101.14
33.0,-118.125,2023,217,100.96
33.0,-117.5,2023,217,100.21
33.0,-116.875,2023,217,94.53
33.0,-116.25,2023,217,95.44
33.0,-115.625,2023,217,100.15
33.0,-115.0,2023,217,98.8
33.0,-114.375,2023,217,98.33
33.5,-119.375,2023,217,101.17
33.5,-118.75,2023,217,101.13
33.5,-118.125,2023,217,100.58
33.5,-117.5,2023,217,98.31
33.5,-116.875,2023,217,91.67
33.5,-116.25,2023,217,94.86
33.5,-115.625,2023,217,96.51
33.5,-115.0,2023,217,97.35
33.5,-114.375,2023,217,97.22
34.0,-119.375,2023,217,100.89
34.0,-118.75,2023,217,98.95
34.0,-118.125,2023,217,96.65
34.0,-117.5,2023,217,94.07
34.0,-116.875,2023,217,90.28
34.0,-116.25,2023,217,90.81
34.0,-115.625,2023,217,94.75
34.0,-115.0,2023,217,96.77
34.0,-114.375,2023,217,97.23
34.5,-119.375,2023,217,92.91
34.5,-118.75,2023,217,92.55
34.5,-118.125,2023,217,92.32
34.5,-117.5,2023,217,89.87
34.5,-116.875,2023,217,88.86
34.5,-116.25,2023,217,91.92
34.5,-115.625,2023,217,94.98
34.5,-115.0,2023,217,94.47
34.5,-114.375,2023,217,95.45
35.0,-119.375,2023,217,92.59
35.0,-118.75,2023,217,91.25
35.0,-118.125,2023,217,90.24
35.0,-117.5,2023,217,91.4
35.0,-116.875,2023,217,91.59
35.0,-116.25,2023,217,93.93
35.0,-115.625,2023,217,89.9
35.0,-115.0,2023,217,91.29
35.0,-114.375,2023,217,93.07
35.5,-119.375,2023,217,99.11
35.5,-118.75,2023,217,93.05
35.5,-118.125,2023,217,87.6
35.5,-117.5,2023,217,91.28
35.5,-116.875,2023,217,91.81
35.5,-116.25,2023,217,93.11
35.5,-115.625,2023,217,88.75
35.5,-115.0,2023,217,89.45
35.5,-114.375,2023,217,91.5
36.0,-119.375,2023,217,99.9
36.0,-118.75,2023,217,89.35
36.0,-118.125,2023,217,81.15
36.0,-117.5,2023,217,87.88
36.0,-116.875,2023,217,92.21
36.0,-116.25,2023,217,92.35
36.0,-115.625,2023,217,87.74
36.0,-115.0,2023,217,92.75
36.0,-114.375,2023,217,92.66
36.5,-119.375,2023,217,98.25
36.5,-118.75,2023,217,82.9
36.5,-118.125,2023,217,78.19
36.5,-117.5,2023,217,88.32
36.5,-116.875,2023,217,91.53
36.5,-116.25,2023,217,90.05
36.5,-115.625,2023,217,85.25
36.5,-115.0,2023,217,89.08
36.5,-114.375,2023,217,92.58
37.0,-119.375,2023,217,90.0
37.0,-118.75,2023,217,75.68
37.0,-118.125,2023,217,79.69
37.0,-117.5,2023,217,86.4
37.0,-116.875,2023,217,86.71
37.0,-116.25,2023,217,85.97
37.0,-115.625,2023,217,86.29
37.0,-115.0,2023,217,87.46
37.0,-114.375,2023,217,89.82
37.5,-119.375,2023,217,79.41
37.5,-118.75,2023,217,74.77
37.5,-118.125,2023,217,80.5
37.5,-117.5,2023,217,83.27
37.5,-116.875,2023,217,83.6
37.5,-116.25,2023,217,82.76
37.5,-115.625,2023,217,83.63
37.5,-115.0,2023,217,85.1
37.5,-114.375,2023,217,83.67
38.0,-119.375,2023,217,75.39
38.0,-118.75,2023,217,78.05
38.0,-118.125,2023,217,81.24
38.0,-117.5,2023,217,82.92
38.0,-116.875,2023,217,82.14
38.0,-116.25,2023,217,82.42
38.0,-115.625,2023,217,81.82
38.0,-115.0,2023,217,83.51
38.0,-114.375,2023,217,81.97
38.5,-119.375,2023,217,78.19
38.5,-118.75,2023,217,81.59
38.5,-118.125,2023,217,82.4
38.5,-117.5,2023,217,81.26
38.5,-116.875,2023,217,79.49
38.5,-116.25,2023,217,80.77
38.5,-115.625,2023,217,82.5
38.5,-115.0,2023,217,81.61
38.5,-114.375,2023,217,80.37
39.0,-119.375,2023,217,83.45
39.0,-118.75,2023,217,85.28
39.0,-118.125,2023,217,83.44
39.0,-117.5,2023,217,80.03
39.0,-116.875,2023,217,78.24
39.0,-116.25,2023,217,78.6
39.0,-115.625,2023,217,79.87
39.0,-115.0,2023,217,79.83
39.0,-114.375,2023,217,79.76
39.5,-119.375,2023,217,84.64
39.5,-118.75,2023,217,87.39
39.5,-118.125,2023,217,84.8
39.5,-117.5,2023,217,81.13
39.5,-116.875,2023,217,80.02
39.5,-116.25,2023,217,80.07
39.5,-115.625,2023,217,80.23
39.5,-115.0,2023,217,79.47
39.5,-114.375,2023,217,79.91
40.0,-119.375,2023,217,85.27
40.0,-118.75,2023,217,86.76
40.0,-118.125,2023,217,86.48
40.0,-117.5,2023,217,84.61
40.0,-116.875,2023,217,81.94
40.0,-116.25,2023,217,81.25
40.0,-115.625,2023,217,80.23
40.0,-115.0,2023,217,79.75
40.0,-114.375,2023,217,81.11
40.5,-119.375,2023,217,85.98
40.5,-118.75,2023,217,85.45
40.5,-118.125,2023,217,85.01
40.5,-117.5,2023,217,84.03
40.5,-116.875,2023,217,83.97
40.5,-116.25,2023,217,82.67
40.5,-115.625,2023,217,81.12
40.5,-115.0,2023,217,80.75
40.5,-114.375,2023,217,82.8
41.0,-119.375,2023,217,84.43
41.0,-118.75,2023,217,86.38
41.0,-118.125,2023,217,85.88
41.0,-117.5,2023,217,85.11
41.0,-116.875,2023,217,84.44
41.0,-116.25,2023,217,81.96
41.0,-115.625,2023,217,81.93
41.0,-115.0,2023,217,81.26
41.0,-114.375,2023,217,82.9
41.5,-119.375,2023,217,82.62
41.5,-118.75,2023,217,84.43
41.5,-118.125,2023,217,85.52
41.5,-117.5,2023,217,84.35
41.5,-116.875,2023,217,83.25
41.5,-116.25,2023,217,81.06
41.5,-115.625,2023,217,80.28
41.5,-115.0,2023,217,81.2
41.5,-114.375,2023,217,82.35
42.0,-119.375,2023,217,82.82
42.0,-118.75,2023,217,84.83
42.0,-118.125,2023,217,83.36
42.0,-117.5,2023,217,83.67
42.0,-116.875,2023,217,83.76
42.0,-116.25,2023,217,82.9
42.0,-115.625,2023,217,82.08
42.0,-115.0,2023,217,81.85
42.0,-114.375,2023,217,82.75
32.5,-119.375,2023,218,101.23
32.5,-118.75,2023,218,101.24
32.5,-118.125,2023,218,101.19
32.5,-117.5,2023,218,101.01
32.5,-116.875,2023,218,96.79
32.5,-116.25,2023,218,91.88
32.5,-115.625,2023,218,99.0
32.5,-115.0,2023,218,100.35
32.5,-114.375,2023,218,99.27
33.0,-119.375,2023,218,101.18
33.0,-118.75,2023,218,101.2
33.0,-118.125,2023,218,101.02
33.0,-117.5,2023,218,100.3
33.0,-116.875,2023,218,94.7
33.0,-116.25,2023,218,95.56
33.0,-115.625,2023,218,100.31
33.0,-115.0,2023,218,98.94
33.0,-114.375,2023,218,98.51
33.5,-119.375,2023,218,101.22
33.5,-118.75,2023,218,101.2
33.5,-118.125,2023,218,100.65
33.5,-117.5,2023,218,98.4
33.5,-116.875,2023,218,91.81
33.5,-116.25,2023,218,94.98
33.5,-115.625,2023,218,96.7
33.5,-115.0,2023,218,97.5
33.5,-114.375,2023,218,97.4
34.0,-119.375,2023,218,100.99
34.0,-118.75,2023,218,99.06
34.0,-118.125,2023,218,96.75
34.0,-117.5,2023,218,94.19
34.0,-116.875,2023,218,90.42
34.0,-116.25,2023,218,90.95
34.0,-115.625,2023,218,94.92
34.0,-115.0,2023,218,96.93
34.0,-114.375,2023,218,97.41
34.5,-119.375,2023,218,92.99
34.5,-118.75,2023,218,92.64
34.5,-118.125,2023,218,92.45
34.5,-117.5,2023,218,90.0
34.5,-116.875,2023,218,89.02
34.5,-116.25,2023,218,92.03
34.5,-115.625,2023,218,95.13
34.5,-115.0,2023,218,94.63
34.5,-114.375,2023,218,95.62
35.0,-119.375,2023,218,92.65
35.0,-118.75,2023,218,91.33
35.0,-118.125,2023,218,90.36
35.0,-117.5,2023,218,91.54
35.0,-116.875,2023,218,91.74
35.0,-116.25,2023,218,94.05
35.0,-115.625,2023,218,90.05
35.0,-115.0,2023,218,91.42
35.0,-114.375,2023,218,93.22
35.5,-119.375,2023,218,99.15
35.5,-118.75,2023,218,93.1
35.5,-118.125,2023,218,87.7
35.5,-117.5,2023,218,91.39
35.5,-116.875,2023,218,91.93
35.5,-116.25,2023,218,93.22
35.5,-115.625,2023,218,88.89
35.5,-115.0,2023,218,89.55
35.5,-114.375,2023,218,91.64
36.0,-119.375,2023,218,99.94
36.0,-118.75,2023,218,89.43
36.0,-118.125,2023,218,81.28
36.0,-117.5,2023,218,87.98
36.0,-116.875,2023,218,92.31
36.0,-116.25,2023,218,92.46
36.0,-115.625,2023,218,87.85
36.0,-115.0,2023,218,92.82
36.0,-114.375,2023,218,92.76
36.5,-119.375,2023,218,98.28
36.5,-118.75,2023,218,83.0
36.5,-118.125,2023,218,78.3
36.5,-117.5,2023,218,88.38
36.5,-116.875,2023,218,91.6
36.5,-116.25,2023,218,90.13
36.5,-115.625,2023,218,85.33
36.5,-115.0,2023,218,89.12
36.5,-114.375,2023,218,92.64
37.0,-119.375,2023,218,90.05
37.0,-118.75,2023,218,75.8
37.0,-118.125,2023,218,79.82
37.0,-117.5,2023,218,86.48
37.0,-116.875,2023,218,86.76
37.0,-116.25,2023,218,86.02
37.0,-115.625,2023,218,86.35
37.0,-115.0,2023,218,87.49
37.0,-114.375,2023,218,89.85
37.5,-119.375,2023,218,79.51
37.5,-118.75,2023,218,74.91
37.5,-118.125,2023,218,80.62
37.5,-117.5,2023,218,83.35
37.5,-116.875,2023,218,83.66
37.5,-116.25,2023,218,82.81
37.5,-115.625,2023,218,83.67
37.5,-115.0,2023,218,85.13
37.5,-114.375,2023,218,83.7
38.0,-119.375,2023,218,75.53
38.0,-118.75,2023,218,78.2
38.0,-118.125,2023,218,81.38
38.0,-117.5,2023,218,83.01
38.0,-116.875,2023,218,82.2
38.0,-116.25,2023,218,82.47
38.0,-115.625,2023,218,81.87
38.0,-115.0,2023,218,83.51
38.0,-114.375,2023,218,82.0
38.5,-119.375,2023,218,78.37
38.5,-118.75,2023,218,81.78
38.5,-118.125,2023,218,82.56
38.5,-117.5,2023,218,81.37
38.5,-116.875,2023,218,79.56
38.5,-116.25,2023,218,80.82
38.5,-115.625,2023,218,82.55
38.5,-115.0,2023,218,81.62
38.5,-114.375,2023,218,80.38
39.0,-119.375,2023,218,83.63
39.0,-118.75,2023,218,85.46
39.0,-118.125,2023,218,83.61
39.0,-117.5,2023,218,80.17
39.0,-116.875,2023,218,78.34
39.0,-116.25,2023,218,78.67
39.0,-115.625,2023,218,79.91
39.0,-115.0,2023,218,79.85
39.0,-114.375,2023,218,79.76
39.5,-119.375,2023,218,84.81
39.5,-118.75,2023,218,87.58
39.5,-118.125,2023,218,84.98
39.5,-117.5,2023,218,81.3
39.5,-116.875,2023,218,80.15
39.5,-116.25,2023,218,80.17
39.5,-115.625,2023,218,80.29
39.5,-115.0,2023,218,79.48
39.5,-114.375,2023,218,79.91
40.0,-119.375,2023,218,85.45
40.0,-118.75,2023,218,86.94
40.0,-118.125,2023,218,86.65
40.0,-117.5,2023,218,84.78
40.0,-116.875,2023,218,82.08
40.0,-116.25,2023,218,81.35
40.0,-115.625,2023,218,80.28
40.0,-115.0,2023,218,79.76
40.0,-114.375,2023,218,81.11
40.5,-119.375,2023,218,86.14
40.5,-118.75,2023,218,85.61
40.5,-118.125,2023,218,85.16
40.5,-117.5,2023,218,84.15
40.5,-116.875,2023,218,84.07
40.5,-116.25,2023,218,82.75
40.5,-115.625,2023,218,81.16
40.5,-115.0,2023,218,80.76
40.5,-114.375,2023,218,82.78
41.0,-119.375,2023,218,84.52
41.0,-118.75,2023,218,86.5
41.0,-118.125,2023,218,86.0
41.0,-117.5,2023,218,85.21
41.0,-116.875,2023,218,84.52
41.0,-116.25,2023,218,81.99
41.0,-115.625,2023,218,81.95
41.0,-115.0,2023,218,81.25
41.0,-114.375,2023,218,82.86
41.5,-119.375,2023,218,82.72
41.5,-118.75,2023,218,84.5
41.5,-118.125,2023,218,85.59
41.5,-117.5,2023,218,84.41
41.5,-116.875,2023,218,83.29
41.5,-116.25,2023,218,81.08
41.5,-115.625,2023,218,80.28
41.5,-115.0,2023,218,81.19
41.5,-114.375,2023,218,82.31
42.0,-119.375,2023,218,82.89
42.0,-118.75,2023,218,84.9
42.0,-118.125,2023,218,83.41
42.0,-117.5,2023,218,83.7
42.0,-116.875,2023,218,83.78
42.0,-116.25,2023,218,82.9
42.0,-115.625,2023,218,82.08
42.0,-115.0,2023,218,81.84
42.0,-114.375,2023,218,82.71
32.5,-119.375,2023,219,101.48
32.5,-118.75,2023,219,101.5
32.5,-118.125,2023,219,101.46
32.5,-117.5,2023,219,101.26
32.5,-116.875,2023,219,97.07
32.5,-116.25,2023,219,92.12
32.5,-115.625,2023,219,99.23
32.5,-115.0,2023,219,100.57
32.5,-114.375,2023,219,99.5
33.0,-119.375,2023,219,101.43
33.0,-118.75,2023,219,101.48
33.0,-118.125,2023,219,101.29
33.0,-117.5,2023,219,100.6
33.0,-116.875,2023,219,94.99
33.0,-116.25,2023,219,95.82
33.0,-115.625,2023,219,100.53
33.0,-115.0,2023,219,99.17
33.0,-114.375,2023,219,98.74
33.5,-119.375,2023,219,101.51
33.5,-118.75,2023,219,101.49
33.5,-118.125,2023,219,100.92
33.5,-117.5,2023,219,98.68
33.5,-116.875,2023,219,92.07
33.5,-116.25,2023,219,95.21
33.5,-115.625,2023,219,96.91
33.5,-115.0,2023,219,97.71
33.5,-114.375,2023,219,97.62
34.0,-119.375,2023,219,101.33
34.0,-118.75,2023,219,99.39
34.0,-118.125,2023,219,97.03
34.0,-117.5,2023,219,94.47
34.0,-116.875,2023,219,90.66
34.0,-116.25,2023,219,91.12
34.0,-115.625,2023,219,95.1
34.0,-115.0,2023,219,97.11
34.0,-114.375,2023,219,97.62
34.5,-119.375,2023,219,93.2
34.5,-118.75,2023,219,92.84
34.5,-118.125,2023,219,92.66
34.5,-117.5,2023,219,90.19
34.5,-116.875,2023,219,89.21
34.5,-116.25,2023,219,92.2
34.5,-115.625,2023,219,95.29
34.5,-115.0,2023,219,94.8
34.5,-114.375,2023,219,95.81
35.0,-119.375,2023,219,92.71
35.0,-118.75,2023,219,91.44
35.0,-118.125,2023,219,90.52
35.0,-117.5,2023,219,91.69
35.0,-116.875,2023,219,91.9
35.0,-116.25,2023,219,94.21
35.0,-115.625,2023,219,90.2
35.0,-115.0,2023,219,91.57
35.0,-114.375,2023,219,93.39
35.5,-119.375,2023,219,99.19
35.5,-118.75,2023,219,93.19
35.5,-118.125,2023,219,87.84
35.5,-117.5,2023,219,91.51
35.5,-116.875,2023,219,92.06
35.5,-116.25,2023,219,93.35
35.5,-115.625,2023,219,89.01
35.5,-115.0,2023,219,89.68
35.5,-114.375,2023,219,91.78
36.0,-119.375,2023,219,99.95
36.0,-118.75,2023,219,89.53
36.0,-118.125,2023,219,81.35
36.0,-117.5,2023,219,88.03
36.0,-116.875,2023,219,92.38
36.0,-116.25,2023,219,92.56
36.0,-115.625,2023,219,87.97
36.0,-115.0,2023,219,92.94
36.0,-114.375,2023,219,92.9
36.5,-119.375,2023,219,98.34
36.5,-118.75,2023,219,83.06
36.5,-118.125,2023,219,78.38
36.5,-117.5,2023,219,88.45
36.5,-116.875,2023,219,91.66
36.5,-116.25,2023,219,90.21
36.5,-115.625,2023,219,85.43
36.5,-115.0,2023,219,89.21
36.5,-114.375,2023,219,92.75
37.0,-119.375,2023,219,90.12
37.0,-118.75,2023,219,75.86
37.0,-118.125,2023,219,79.88
37.0,-117.5,2023,219,86.5
37.0,-116.875,2023,219,86.83
37.0,-116.25,2023,219,86.1
37.0,-115.625,2023,219,86.43
37.0,-115.0,2023,219,87.57
37.0,-114.375,2023,219,89.93
37.5,-119.375,2023,219,79.58
37.5,-118.75,2023,219,74.97
37.5,-118.125,2023,219,80.67
37.5,-117.5,2023,219,83.4
37.5,-116.875,2023,219,83.72
37.5,-116.25,2023,219,82.89
37.5,-115.625,2023,219,83.72
37.5,-115.0,2023,219,85.18
37.5,-114.375,2023,219,83.75
38.0,-119.375,2023,219,75.58
38.0,-118.75,2023,219,78.23
38.0,-118.125,2023,219,81.41
38.0,-117.5,2023,219,83.07
38.0,-116.875,2023,219,82.26
38.0,-116.25,2023,219,82.54
38.0,-115.625,2023,219,81.92
38.0,-115.0,2023,219,83.56
38.0,-114.375,2023,219,82.02
38.5,-119.375,2023,219,78.38
38.5,-118.75,2023,219,81.77
38.5,-118.125,2023,219,82.58
38.5,-117.5,2023,219,81.43
38.5,-116.875,2023,219,79.63
38.5,-116.25,2023,219,80.88
38.5,-115.625,2023,219,82.6
38.5,-115.0,2023,219,81.67
38.5,-114.375,2023,219,80.41
39.0,-119.375,2023,219,83.6
39.0,-118.75,2023,219,85.44
39.0,-118.125,2023,219,83.62
39.0,-117.5,2023,219,80.22
39.0,-116.875,2023,219,78.41
39.0,-116.25,2023,219,78.72
39.0,-115.625,2023,219,79.97
39.0,-115.0,2023,219,79.9
39.0,-114.375,2023,219,79.79
39.5,-119.375,2023,219,84.79
39.5,-118.75,2023,219,87.57
39.5,-118.125,2023,219,84.99
39.5,-117.5,2023,219,81.33
39.5,-116.875,2023,219,80.2
39.5,-116.25,2023,219,80.23
39.5,-115.625,2023,219,80.35
39.5,-115.0,2023,219,79.55
39.5,-114.375,2023,219,79.94
40.0,-119.375,2023,219,85.43
40.0,-118.75,2023,219,86.95
40.0,-118.125,2023,219,86.67
40.0,-117.5,2023,219,84.82
40.0,-116.875,2023,219,82.13
40.0,-116.25,2023,219,81.42
40.0,-115.625,2023,219,80.35
40.0,-115.0,2023,219,79.8
40.0,-114.375,2023,219,81.11
40.5,-119.375,2023,219,86.12
40.5,-118.75,2023,219,85.62
40.5,-118.125,2023,219,85.2
40.5,-117.5,2023,219,84.2
40.5,-116.875,2023,219,84.14
40.5,-116.25,2023,219,82.82
40.5,-115.625,2023,219,81.22
40.5,-115.0,2023,219,80.8
40.5,-114.375,2023,219,82.78
41.0,-119.375,2023,219,84.5
41.0,-118.75,2023,219,86.53
41.0,-118.125,2023,219,86.04
41.0,-117.5,2023,219,85.28
41.0,-116.875,2023,219,84.6
41.0,-116.25,2023,219,82.05
41.0,-115.625,2023,219,82.0
41.0,-115.0,2023,219,81.28
41.0,-114.375,2023,219,82.86
41.5,-119.375,2023,219,82.71
41.5,-118.75,2023,219,84.52
41.5,-118.125,2023,219,85.64
41.5,-117.5,2023,219,84.47
41.5,-116.875,2023,219,83.35
41.5,-116.25,2023,219,81.13
41.5,-115.625,2023,219,80.3
41.5,-115.0,2023,219,81.19
41.5,-114.375,2023,219,82.32
42.0,-119.375,2023,219,82.87
42.0,-118.75,2023,219,84.92
42.0,-118.125,2023,219,83.46
42.0,-117.5,2023,219,83.75
42.0,-116.875,2023,219,83.83
42.0,-116.25,2023,219,82.95
42.0,-115.625,2023,219,82.1
42.0,-115.0,2023,219,81.86
42.0,-114.375,2023,219,82.72
32.5,-119.375,2023,220,101.57
32.5,-118.75,2023,220,101.58
32.5,-118.125,2023,220,101.55
32.5,-117.5,2023,220,101.34
32.5,-116.875,2023,220,97.16
32.5,-116.25,2023,220,92.17
32.5,-115.625,2023,220,99.28
32.5,-115.0,2023,220,100.58
32.5,-114.375,2023,220,99.51
33.0,-119.375,2023,220,101.53
33.0,-118.75,2023,220,101.56
33.0,-118.125,2023,220,101.38
33.0,-117.5,2023,220,100.67
33.0,-116.875,2023,220,95.07
33.0,-116.25,2023,220,95.9
33.0,-115.625,2023,220,100.62
33.0,-115.0,2023,220,99.19
33.0,-114.375,2023,220,98.75
33.5,-119.375,2023,220,101.59
33.5,-118.75,2023,220,101.57
33.5,-118.125,2023,220,101.0
33.5,-117.5,2023,220,98.75
33.5,-116.875,2023,220,92.11
33.5,-116.25,2023,220,95.26
33.5,-115.625,2023,220,96.97
33.5,-115.0,2023,220,97.72
33.5,-114.375,2023,220,97.63
34.0,-119.375,2023,220,101.39
34.0,-118.75,2023,220,99.45
34.0,-118.125,2023,220,97.09
34.0,-117.5,2023,220,94.54
34.0,-116.875,2023,220,90.69
34.0,-116.25,2023,220,91.12
34.0,-115.625,2023,220,95.1
34.0,-115.0,2023,220,97.07
34.0,-114.375,2023,220,97.58
34.5,-119.375,2023,220,93.26
34.5,-118.75,2023,220,92.93
34.5,-118.125,2023,220,92.71
34.5,-117.5,2023,220,90.22
34.5,-116.875,2023,220,89.2
34.5,-116.25,2023,220,92.2
34.5,-115.625,2023,220,95.28
34.5,-115.0,2023,220,94.75
34.5,-114.375,2023,220,95.74
35.0,-119.375,2023,220,92.65
35.0,-118.75,2023,220,91.39
35.0,-118.125,2023,220,90.53
35.0,-117.5,2023,220,91.71
35.0,-116.875,2023,220,91.9
35.0,-116.25,2023,220,94.23
35.0,-115.625,2023,220,90.16
35.0,-115.0,2023,220,91.48
35.0,-114.375,2023,220,93.3
35.5,-119.375,2023,220,99.21
35.5,-118.75,2023,220,93.17
35.5,-118.125,2023,220,87.8
35.5,-117.5,2023,220,91.5
35.5,-116.875,2023,220,92.03
35.5,-116.25,2023,220,93.32
35.5,-115.625,2023,220,88.97
35.5,-115.0,2023,220,89.59
35.5,-114.375,2023,220,91.68
36.0,-119.375,2023,220,100.02
36.0,-118.75,2023,220,89.49
36.0,-118.125,2023,220,81.27
36.0,-117.5,2023,220,87.97
36.0,-116.875,2023,220,92.34
36.0,-116.25,2023,220,92.51
36.0,-115.625,2023,220,87.89
36.0,-115.0,2023,220,92.88
36.0,-114.375,2023,220,92.81
36.5,-119.375,2023,220,98.39
36.5,-118.75,2023,220,82.99
36.5,-118.125,2023,220,78.28
36.5,-117.5,2023,220,88.36
36.5,-116.875,2023,220,91.57
36.5,-116.25,2023,220,90.12
36.5,-115.625,2023,220,85.32
36.5,-115.0,2023,220,89.12
36.5,-114.375,2023,220,92.66
37.0,-119.375,2023,220,90.1
37.0,-118.75,2023,220,75.74
37.0,-118.125,2023,220,79.77
37.0,-117.5,2023,220,86.4
37.0,-116.875,2023,220,86.69
37.0,-116.25,2023,220,85.96
37.0,-115.625,2023,220,86.31
37.0,-115.0,2023,220,87.46
37.0,-114.375,2023,220,89.84
37.5,-119.375,2023,220,79.48
37.5,-118.75,2023,220,74.84
37.5,-118.125,2023,220,80.56
37.5,-117.5,2023,220,83.3
37.5,-116.875,2023,220,83.6
37.5,-116.25,2023,220,82.74
37.5,-115.625,2023,220,83.58
37.5,-115.0,2023,220,85.07
37.5,-114.375,2023,220,83.64
38.0,-119.375,2023,220,75.44
38.0,-118.75,2023,220,78.11
38.0,-118.125,2023,220,81.29
38.0,-117.5,2023,220,82.94
38.0,-116.875,2023,220,82.11
38.0,-116.25,2023,220,82.38
38.0,-115.625,2023,220,81.76
38.0,-115.0,2023,220,83.43
38.0,-114.375,2023,220,81.91
38.5,-119.375,2023,220,78.25
38.5,-118.75,2023,220,81.66
38.5,-118.125,2023,220,82.47
38.5,-117.5,2023,220,81.28
38.5,-116.875,2023,220,79.47
38.5,-116.25,2023,220,80.71
38.5,-115.625,2023,220,82.44
38.5,-115.0,2023,220,81.53
38.5,-114.375,2023,220,80.29
39.0,-119.375,2023,220,83.5
39.0,-118.75,2023,220,85.36
39.0,-118.125,2023,220,83.5
39.0,-117.5,2023,220,80.07
39.0,-116.875,2023,220,78.25
39.0,-116.25,2023,220,78.56
39.0,-115.625,2023,220,79.79
39.0,-115.0,2023,220,79.73
39.0,-114.375,2023,220,79.65
39.5,-119.375,2023,220,84.68
39.5,-118.75,2023,220,87.48
39.5,-118.125,2023,220,84.87
39.5,-117.5,2023,220,81.2
39.5,-116.875,2023,220,80.05
39.5,-116.25,2023,220,80.08
39.5,-115.625,2023,220,80.19
39.5,-115.0,2023,220,79.38
39.5,-114.375,2023,220,79.77
40.0,-119.375,2023,220,85.3
40.0,-118.75,2023,220,86.83
40.0,-118.125,2023,220,86.55
40.0,-117.5,2023,220,84.69
40.0,-116.875,2023,220,82.0
40.0,-116.25,2023,220,81.28
40.0,-115.625,2023,220,80.2
40.0,-115.0,2023,220,79.64
40.0,-114.375,2023,220,80.95
40.5,-119.375,2023,220,85.98
40.5,-118.75,2023,220,85.49
40.5,-118.125,2023,220,85.08
40.5,-117.5,2023,220,84.09
40.5,-116.875,2023,220,84.03
40.5,-116.25,2023,220,82.7
40.5,-115.625,2023,220,81.09
40.5,-115.0,2023,220,80.65
40.5,-114.375,2023,220,82.64
41.0,-119.375,2023,220,84.35
41.0,-118.75,2023,220,86.41
41.0,-118.125,2023,220,85.93
41.0,-117.5,2023,220,85.17
41.0,-116.875,2023,220,84.5
41.0,-116.25,2023,220,81.93
41.0,-115.625,2023,220,81.87
41.0,-115.0,2023,220,81.14
41.0,-114.375,2023,220,82.72
41.5,-119.375,2023,220,82.53
41.5,-118.75,2023,220,84.38
41.5,-118.125,2023,220,85.52
41.5,-117.5,2023,220,84.35
41.5,-116.875,2023,220,83.24
41.5,-116.25,2023,220,81.0
41.5,-115.625,2023,220,80.17
41.5,-115.0,2023,220,81.05
41.5,-114.375,2023,220,82.18
42.0,-119.375,2023,220,82.68
42.0,-118.75,2023,220,84.74
42.0,-118.125,2023,220,83.3
42.0,-117.5,2023,220,83.61
42.0,-116.875,2023,220,83.7
42.0,-116.25,2023,220,82.82
42.0,-115.625,2023,220,81.97
42.0,-115.0,2023,220,81.71
42.0,-114.375,2023,220,82.58
32.5,-119.375,2023,221,101.44
32.5,-118.75,2023,221,101.44
32.5,-118.125,2023,221,101.4
32.5,-117.5,2023,221,101.19
32.5,-116.875,2023,221,96.97
32.5,-116.25,2023,221,91.99
32.5,-115.625,2023,221,99.1
32.5,-115.0,2023,221,100.39
32.5,-114.375,2023,221,99.3
33.0,-119.375,2023,221,101.39
33.0,-118.75,2023,221,101.41
33.0,-118.125,2023,221,101.23
33.0,-117.5,2023,221,100.51
33.0,-116.875,2023,221,94.86
33.0,-116.25,2023,221,95.71
33.0,-115.625,2023,221,100.42
33.0,-115.0,2023,221,98.99
33.0,-114.375,2023,221,98.54
33.5,-119.375,2023,221,101.44
33.5,-118.75,2023,221,101.42
33.5,-118.125,2023,221,100.85
33.5,-117.5,2023,221,98.58
33.5,-116.875,2023,221,91.93
33.5,-116.25,2023,221,95.07
33.5,-115.625,2023,221,96.73
33.5,-115.0,2023,221,97.51
33.5,-114.375,2023,221,97.41
34.0,-119.375,2023,221,101.24
34.0,-118.75,2023,221,99.28
34.0,-118.125,2023,221,96.93
34.0,-117.5,2023,221,94.34
34.0,-116.875,2023,221,90.5
34.0,-116.25,2023,221,90.96
34.0,-115.625,2023,221,94.9
34.0,-115.0,2023,221,96.87
34.0,-114.375,2023,221,97.37
34.5,-119.375,2023,221,93.11
34.5,-118.75,2023,221,92.75
34.5,-118.125,2023,221,92.54
34.5,-117.5,2023,221,90.03
34.5,-116.875,2023,221,89.01
34.5,-116.25,2023,221,92.05
34.5,-115.625,2023,221,95.1
34.5,-115.0,2023,221,94.55
34.5,-114.375,2023,221,95.53
35.0,-119.375,2023,221,92.51
35.0,-118.75,2023,221,91.24
35.0,-118.125,2023,221,90.35
35.0,-117.5,2023,221,91.54
35.0,-116.875,2023,221,91.73
35.0,-116.25,2023,221,94.07
35.0,-115.625,2023,221,89.99
35.0,-115.0,2023,221,91.3
35.0,-114.375,2023,221,93.1
35.5,-119.375,2023,221,99.13
35.5,-118.75,2023,221,93.03
35.5,-118.125,2023,221,87.63
35.5,-117.5,2023,221,91.3
35.5,-116.875,2023,221,91.86
35.5,-116.25,2023,221,93.19
35.5,-115.625,2023,221,88.81
35.5,-115.0,2023,221,89.45
35.5,-114.375,2023,221,91.51
36.0,-119.375,2023,221,99.95
36.0,-118.75,2023,221,89.34
36.0,-118.125,2023,221,81.08
36.0,-117.5,2023,221,87.75
36.0,-116.875,2023,221,92.15
36.0,-116.25,2023,221,92.37
36.0,-115.625,2023,221,87.76
36.0,-115.0,2023,221,92.75
36.0,-114.375,2023,221,92.66
36.5,-119.375,2023,221,98.3
36.5,-118.75,2023,221,82.82
36.5,-118.125,2023,221,78.1
36.5,-117.5,2023,221,88.14
36.5,-116.875,2023,221,91.4
36.5,-116.25,2023,221,89.99
36.5,-115.625,2023,221,85.18
36.5,-115.0,2023,221,89.03
36.5,-114.375,2023,221,92.53
37.0,-119.375,2023,221,89.97
37.0,-118.75,2023,221,75.57
37.0,-118.125,2023,221,79.57
37.0,-117.5,2023,221,86.2
37.0,-116.875,2023,221,86.55
37.0,-116.25,2023,221,85.85
37.0,-115.625,2023,221,86.17
37.0,-115.0,2023,221,87.34
37.0,-114.375,2023,221,89.73
37.5,-119.375,2023,221,79.33
37.5,-118.75,2023,221,74.65
37.5,-118.125,2023,221,80.37
37.5,-117.5,2023,221,83.06
37.5,-116.875,2023,221,83.42
37.5,-116.25,2023,221,82.62
37.5,-115.625,2023,221,83.46
37.5,-115.0,2023,221,84.96
37.5,-114.375,2023,221,83.54
38.0,-119.375,2023,221,75.28
38.0,-118.75,2023,221,77.94
38.0,-118.125,2023,221,81.08
38.0,-117.5,2023,221,82.71
38.0,-116.875,2023,221,81.94
38.0,-116.25,2023,221,82.24
38.0,-115.625,2023,221,81.62
38.0,-115.0,2023,221,83.31
38.0,-114.375,2023,221,81.82
38.5,-119.375,2023,221,78.05
38.5,-118.75,2023,221,81.47
38.5,-118.125,2023,221,82.25
38.5,-117.5,2023,221,81.07
38.5,-116.875,2023,221,79.31
38.5,-116.25,2023,221,80.6
38.5,-115.625,2023,221,82.29
38.5,-115.0,2023,221,81.4
38.5,-114.375,2023,221,80.19
39.0,-119.375,2023,221,83.29
39.0,-118.75,2023,221,85.13
39.0,-118.125,2023,221,83.29
39.0,-117.5,2023,221,79.87
39.0,-116.875,2023,221,78.07
39.0,-116.25,2023,221,78.43
39.0,-115.625,2023,221,79.68
39.0,-115.0,2023,221,79.64
39.0,-114.375,2023,221,79.57
39.5,-119.375,2023,221,84.47
39.5,-118.75,2023,221,87.25
39.5,-118.125,2023,221,84.66
39.5,-117.5,2023,221,81.0
39.5,-116.875,2023,221,79.86
39.5,-116.25,2023,221,79.91
39.5,-115.625,2023,221,80.06
39.5,-115.0,2023,221,79.28
39.5,-114.375,2023,221,79.71
40.0,-119.375,2023,221,85.07
40.0,-118.75,2023,221,86.6
40.0,-118.125,2023,221,86.33
40.0,-117.5,2023,221,84.46
40.0,-116.875,2023,221,81.79
40.0,-116.25,2023,221,81.09
40.0,-115.625,2023,221,80.05
40.0,-115.0,2023,221,79.54
40.0,-114.375,2023,221,80.88
40.5,-119.375,2023,221,85.74
40.5,-118.75,2023,221,85.24
40.5,-118.125,2023,221,84.82
40.5,-117.5,2023,221,83.84
40.5,-116.875,2023,221,83.78
40.5,-116.25,2023,221,82.49
40.5,-115.625,2023,221,80.93
40.5,-115.0,2023,221,80.53
40.5,-114.375,2023,221,82.55
41.0,-119.375,2023,221,84.09
41.0,-118.75,2023,221,86.09
41.0,-118.125,2023,221,85.62
41.0,-117.5,2023,221,84.87
41.0,-116.875,2023,221,84.22
41.0,-116.25,2023,221,81.73
41.0,-115.625,2023,221,81.7
41.0,-115.0,2023,221,81.01
41.0,-114.375,2023,221,82.62
41.5,-119.375,2023,221,82.27
41.5,-118.75,2023,221,84.07
41.5,-118.125,2023,221,85.19
41.5,-117.5,2023,221,84.05
41.5,-116.875,2023,221,82.97
41.5,-116.25,2023,221,80.8
41.5,-115.625,2023,221,80.01
41.5,-115.0,2023,221,80.92
41.5,-114.375,2023,221,82.06
42.0,-119.375,2023,221,82.42
42.0,-118.75,2023,221,84.43
42.0,-118.125,2023,221,82.98
42.0,-117.5,2023,221,83.29
42.0,-116.875,2023,221,83.4
42.0,-116.25,2023,221,82.55
42.0,-115.625,2023,221,81.75
42.0,-115.0,2023,221,81.53
42.0,-114.375,2023,221,82.42
32.5,-119.375,2023,222,101.39
32.5,-118.75,2023,222,101.4
32.5,-118.125,2023,222,101.35
32.5,-117.5,2023,222,101.15
32.5,-116.875,2023,222,96.9
32.5,-116.25,2023,222,91.87
32.5,-115.625,2023,222,99.04
32.5,-115.0,2023,222,100.31
32.5,-114.375,2023,222,99.22
33.0,-119.375,2023,222,101.33
33.0,-118.75,2023,222,101.37
33.0,-118.125,2023,222,101.18
33.0,-117.5,2023,222,100.46
33.0,-116.875,2023,222,94.77
33.0,-116.25,2023,222,95.63
33.0,-115.625,2023,222,100.36
33.0,-115.0,2023,222,98.91
33.0,-114.375,2023,222,98.46
33.5,-119.375,2023,222,101.38
33.5,-118.75,2023,222,101.37
33.5,-118.125,2023,222,100.79
33.5,-117.5,2023,222,98.51
33.5,-116.875,2023,222,91.82
33.5,-116.25,2023,222,95.0
33.5,-115.625,2023,222,96.64
33.5,-115.0,2023,222,97.43
33.5,-114.375,2023,222,97.32
34.0,-119.375,2023,222,101.2
34.0,-118.75,2023,222,99.22
34.0,-118.125,2023,222,96.85
34.0,-117.5,2023,222,94.25
34.0,-116.875,2023,222,90.38
34.0,-116.25,2023,222,90.87
34.0,-115.625,2023,222,94.8
34.0,-115.0,2023,222,96.82
34.0,-114.375,2023,222,97.28
34.5,-119.375,2023,222,93.02
34.5,-118.75,2023,222,92.65
34.5,-118.125,2023,222,92.46
34.5,-117.5,2023,222,89.95
34.5,-116.875,2023,222,88.92
34.5,-116.25,2023,222,91.97
34.5,-115.625,2023,222,95.01
34.5,-115.0,2023,222,94.5
34.5,-114.375,2023,222,95.48
35.0,-119.375,2023,222,92.49
35.0,-118.75,2023,222,91.22
35.0,-118.125,2023,222,90.29
35.0,-117.5,2023,222,91.5
35.0,-116.875,2023,222,91.68
35.0,-116.25,2023,222,94.0
35.0,-115.625,2023,222,89.92
35.0,-115.0,2023,222,91.28
35.0,-114.375,2023,222,93.08
35.5,-119.375,2023,222,99.11
35.5,-118.75,2023,222,92.97
35.5,-118.125,2023,222,87.59
35.5,-117.5,2023,222,91.3
35.5,-116.875,2023,222,91.85
35.5,-116.25,2023,222,93.16
35.5,-115.625,2023,222,88.73
35.5,-115.0,2023,222,89.43
35.5,-114.375,2023,222,91.49
36.0,-119.375,2023,222,99.91
36.0,-118.75,2023,222,89.25
36.0,-118.125,2023,222,81.04
36.0,-117.5,2023,222,87.79
36.0,-116.875,2023,222,92.19
36.0,-116.25,2023,222,92.35
36.0,-115.625,2023,222,87.71
36.0,-115.0,2023,222,92.72
36.0,-114.375,2023,222,92.63
36.5,-119.375,2023,222,98.25
36.5,-118.75,2023,222,82.71
36.5,-118.125,2023,222,78.08
36.5,-117.5,2023,222,88.2
36.5,-116.875,2023,222,91.44
36.5,-116.25,2023,222,90.0
36.5,-115.625,2023,222,85.18
36.5,-115.0,2023,222,89.05
36.5,-114.375,2023,222,92.54
37.0,-119.375,2023,222,89.88
37.0,-118.75,2023,222,75.48
37.0,-118.125,2023,222,79.57
37.0,-117.5,2023,222,86.22
37.0,-116.875,2023,222,86.58
37.0,-116.25,2023,222,85.87
37.0,-115.625,2023,222,86.2
37.0,-115.0,2023,222,87.39
37.0,-114.375,2023,222,89.79
37.5,-119.375,2023,222,79.25
37.5,-118.75,2023,222,74.59
37.5,-118.125,2023,222,80.36
37.5,-117.5,2023,222,83.07
37.5,-116.875,2023,222,83.43
37.5,-116.25,2023,222,82.63
37.5,-115.625,2023,222,83.51
37.5,-115.0,2023,222,85.0
37.5,-114.375,2023,222,83.56
38.0,-119.375,2023,222,75.19
38.0,-118.75,2023,222,77.9
38.0,-118.125,2023,222,81.07
38.0,-117.5,2023,222,82.7
38.0,-116.875,2023,222,81.95
38.0,-116.25,2023,222,82.27
38.0,-115.625,2023,222,81.67
38.0,-115.0,2023,222,83.37
38.0,-114.375,2023,222,81.83
38.5,-119.375,2023,222,78.02
38.5,-118.75,2023,222,81.46
38.5,-118.125,2023,222,82.22
38.5,-117.5,2023,222,81.03
38.5,-116.875,2023,222,79.28
38.5,-116.25,2023,222,80.6
38.5,-115.625,2023,222,82.33
38.5,-115.0,2023,222,81.44
38.5,-114.375,2023,222,80.19
39.0,-119.375,2023,222,83.28
39.0,-118.75,2023,222,85.12
39.0,-118.125,2023,222,83.27
39.0,-117.5,2023,222,79.82
39.0,-116.875,2023,222,78.03
39.0,-116.25,2023,222,78.4
39.0,-115.625,2023,222,79.66
39.0,-115.0,2023,222,79.63
39.0,-114.375,2023,222,79.52
39.5,-119.375,2023,222,84.47
39.5,-118.75,2023,222,87.24
39.5,-118.125,2023,222,84.63
39.5,-117.5,2023,222,80.95
39.5,-116.875,2023,222,79.82
39.5,-116.25,2023,222,79.86
39.5,-115.625,2023,222,80.0
39.5,-115.0,2023,222,79.22
39.5,-114.375,2023,222,79.6
40.0,-119.375,2023,222,85.08
40.0,-118.75,2023,222,86.58
40.0,-118.125,2023,222,86.3
40.0,-117.5,2023,222,84.42
40.0,-116.875,2023,222,81.74
40.0,-116.25,2023,222,81.03
40.0,-115.625,2023,222,79.97
40.0,-115.0,2023,222,79.44
40.0,-114.375,2023,222,80.73
40.5,-119.375,2023,222,85.73
40.5,-118.75,2023,222,85.21
40.5,-118.125,2023,222,84.77
40.5,-117.5,2023,222,83.78
40.5,-116.875,2023,222,83.73
40.5,-116.25,2023,222,82.42
40.5,-115.625,2023,222,80.84
40.5,-115.0,2023,222,80.41
40.5,-114.375,2023,222,82.37
41.0,-119.375,2023,222,84.08
41.0,-118.75,2023,222,86.06
41.0,-118.125,2023,222,85.57
41.0,-117.5,2023,222,84.81
41.0,-116.875,2023,222,84.15
41.0,-116.25,2023,222,81.65
41.0,-115.625,2023,222,81.6
41.0,-115.0,2023,222,80.89
41.0,-114.375,2023,222,82.45
41.5,-119.375,2023,222,82.26
41.5,-118.75,2023,222,84.04
41.5,-118.125,2023,222,85.14
41.5,-117.5,2023,222,83.99
41.5,-116.875,2023,222,82.9
41.5,-116.25,2023,222,80.72
41.5,-115.625,2023,222,79.91
41.5,-115.0,2023,222,80.79
41.5,-114.375,2023,222,81.9
42.0,-119.375,2023,222,82.39
42.0,-118.75,2023,222,84.4
42.0,-118.125,2023,222,82.94
42.0,-117.5,2023,222,83.24
42.0,-116.875,2023,222,83.33
42.0,-116.25,2023,222,82.47
42.0,-115.625,2023,222,81.65
42.0,-115.0,2023,222,81.42
42.0,-114.375,2023,222,82.27
32.5,-119.375,2023,223,101.46
32.5,-118.75,2023,223,101.47
32.5,-118.125,2023,223,101.41
32.5,-117.5,2023,223,101.2
32.5,-116.875,2023,223,96.93
32.5,-116.25,2023,223,91.91
32.5,-115.625,2023,223,99.15
32.5,-115.0,2023,223,100.43
32.5,-114.375,2023,223,99.33
33.0,-119.375,2023,223,101.42
33.0,-118.75,2023,223,101.43
33.0,-118.125,2023,223,101.24
33.0,-117.5,2023,223,100.5
33.0,-116.875,2023,223,94.79
33.0,-116.25,2023,223,95.68
33.0,-115.625,2023,223,100.47
33.0,-115.0,2023,223,99.0
33.0,-114.375,2023,223,98.55
33.5,-119.375,2023,223,101.46
33.5,-118.75,2023,223,101.42
33.5,-118.125,2023,223,100.85
33.5,-117.5,2023,223,98.56
33.5,-116.875,2023,223,91.86
33.5,-116.25,2023,223,95.07
33.5,-115.625,2023,223,96.73
33.5,-115.0,2023,223,97.53
33.5,-114.375,2023,223,97.4
34.0,-119.375,2023,223,101.27
34.0,-118.75,2023,223,99.29
34.0,-118.125,2023,223,96.9
34.0,-117.5,2023,223,94.29
34.0,-116.875,2023,223,90.4
34.0,-116.25,2023,223,90.93
34.0,-115.625,2023,223,94.9
34.0,-115.0,2023,223,96.93
34.0,-114.375,2023,223,97.38
34.5,-119.375,2023,223,93.06
34.5,-118.75,2023,223,92.69
34.5,-118.125,2023,223,92.5
34.5,-117.5,2023,223,90.0
34.5,-116.875,2023,223,88.98
34.5,-116.25,2023,223,92.07
34.5,-115.625,2023,223,95.1
34.5,-115.0,2023,223,94.6
34.5,-114.375,2023,223,95.57
35.0,-119.375,2023,223,92.58
35.0,-118.75,2023,223,91.3
35.0,-118.125,2023,223,90.34
35.0,-117.5,2023,223,91.56
35.0,-116.875,2023,223,91.75
35.0,-116.25,2023,223,94.08
35.0,-115.625,2023,223,89.97
35.0,-115.0,2023,223,91.37
35.0,-114.375,2023,223,93.16
35.5,-119.375,2023,223,99.21
35.5,-118.75,2023,223,93.05
35.5,-118.125,2023,223,87.65
35.5,-117.5,2023,223,91.41
35.5,-116.875,2023,223,91.95
35.5,-116.25,2023,223,93.25
35.5,-115.625,2023,223,88.78
35.5,-115.0,2023,223,89.51
35.5,-114.375,2023,223,91.57
36.0,-119.375,2023,223,100.0
36.0,-118.75,2023,223,89.31
36.0,-118.125,2023,223,81.09
36.0,-117.5,2023,223,87.94
36.0,-116.875,2023,223,92.34
36.0,-116.25,2023,223,92.46
36.0,-115.625,2023,223,87.77
36.0,-115.0,2023,223,92.8
36.0,-114.375,2023,223,92.72
36.5,-119.375,2023,223,98.34
36.5,-118.75,2023,223,82.75
36.5,-118.125,2023,223,78.13
36.5,-117.5,2023,223,88.38
36.5,-116.875,2023,223,91.62
36.5,-116.25,2023,223,90.11
36.5,-115.625,2023,223,85.25
36.5,-115.0,2023,223,89.15
36.5,-114.375,2023,223,92.62
37.0,-119.375,2023,223,89.93
37.0,-118.75,2023,223,75.5
37.0,-118.125,2023,223,79.66
37.0,-117.5,2023,223,86.43
37.0,-116.875,2023,223,86.75
37.0,-116.25,2023,223,85.99
37.0,-115.625,2023,223,86.31
37.0,-115.0,2023,223,87.49
37.0,-114.375,2023,223,89.87
37.5,-119.375,2023,223,79.29
37.5,-118.75,2023,223,74.62
37.5,-118.125,2023,223,80.48
37.5,-117.5,2023,223,83.25
37.5,-116.875,2023,223,83.58
37.5,-116.25,2023,223,82.75
37.5,-115.625,2023,223,83.63
37.5,-115.0,2023,223,85.13
37.5,-114.375,2023,223,83.66
38.0,-119.375,2023,223,75.25
38.0,-118.75,2023,223,77.94
38.0,-118.125,2023,223,81.18
38.0,-117.5,2023,223,82.89
38.0,-116.875,2023,223,82.12
38.0,-116.25,2023,223,82.41
38.0,-115.625,2023,223,81.8
38.0,-115.0,2023,223,83.51
38.0,-114.375,2023,223,81.96
38.5,-119.375,2023,223,78.08
38.5,-118.75,2023,223,81.49
38.5,-118.125,2023,223,82.31
38.5,-117.5,2023,223,81.21
38.5,-116.875,2023,223,79.44
38.5,-116.25,2023,223,80.77
38.5,-115.625,2023,223,82.49
38.5,-115.0,2023,223,81.6
38.5,-114.375,2023,223,80.32
39.0,-119.375,2023,223,83.32
39.0,-118.75,2023,223,85.16
39.0,-118.125,2023,223,83.33
39.0,-117.5,2023,223,79.95
39.0,-116.875,2023,223,78.18
39.0,-116.25,2023,223,78.55
39.0,-115.625,2023,223,79.83
39.0,-115.0,2023,223,79.79
39.0,-114.375,2023,223,79.67
39.5,-119.375,2023,223,84.51
39.5,-118.75,2023,223,87.26
39.5,-118.125,2023,223,84.66
39.5,-117.5,2023,223,81.04
39.5,-116.875,2023,223,79.92
39.5,-116.25,2023,223,79.97
39.5,-115.625,2023,223,80.14
39.5,-115.0,2023,223,79.37
39.5,-114.375,2023,223,79.76
40.0,-119.375,2023,223,85.12
40.0,-118.75,2023,223,86.61
40.0,-118.125,2023,223,86.35
40.0,-117.5,2023,223,84.48
40.0,-116.875,2023,223,81.81
40.0,-116.25,2023,223,81.11
40.0,-115.625,2023,223,80.07
40.0,-115.0,2023,223,79.56
40.0,-114.375,2023,223,80.86
40.5,-119.375,2023,223,85.76
40.5,-118.75,2023,223,85.25
40.5,-118.125,2023,223,84.82
40.5,-117.5,2023,223,83.84
40.5,-116.875,2023,223,83.78
40.5,-116.25,2023,223,82.49
40.5,-115.625,2023,223,80.91
40.5,-115.0,2023,223,80.49
40.5,-114.375,2023,223,82.46
41.0,-119.375,2023,223,84.14
41.0,-118.75,2023,223,86.09
41.0,-118.125,2023,223,85.62
41.0,-117.5,2023,223,84.85
41.0,-116.875,2023,223,84.2
41.0,-116.25,2023,223,81.72
41.0,-115.625,2023,223,81.67
41.0,-115.0,2023,223,80.96
41.0,-114.375,2023,223,82.54
41.5,-119.375,2023,223,82.31
41.5,-118.75,2023,223,84.1
41.5,-118.125,2023,223,85.18
41.5,-117.5,2023,223,84.04
41.5,-116.875,2023,223,82.95
41.5,-116.25,2023,223,80.78
41.5,-115.625,2023,223,79.98
41.5,-115.0,2023,223,80.88
41.5,-114.375,2023,223,81.99
42.0,-119.375,2023,223,82.48
42.0,-118.75,2023,223,84.46
42.0,-118.125,2023,223,83.0
42.0,-117.5,2023,223,83.31
42.0,-116.875,2023,223,83.4
42.0,-116.25,2023,223,82.54
42.0,-115.625,2023,223,81.73
42.0,-115.0,2023,223,81.5
42.0,-114.375,2023,223,82.38
32.5,-119.375,2023,224,101.57
32.5,-118.75,2023,224,101.56
32.5,-118.125,2023,224,101.5
32.5,-117.5,2023,224,101.28
32.5,-116.875,2023,224,97.0
32.5,-116.25,2023,224,92.03
32.5,-115.625,2023,224,99.29
32.5,-115.0,2023,224,100.56
32.5,-114.375,2023,224,99.45
33.0,-119.375,2023,224,101.53
33.0,-118.75,2023,224,101.52
33.0,-118.125,2023,224,101.33
33.0,-117.5,2023,224,100.58
33.0,-116.875,2023,224,94.88
33.0,-116.25,2023,224,95.79
33.0,-115.625,2023,224,100.56
33.0,-115.0,2023,224,99.15
33.0,-114.375,2023,224,98.69
33.5,-119.375,2023,224,101.54
33.5,-118.75,2023,224,101.51
33.5,-118.125,2023,224,100.94
33.5,-117.5,2023,224,98.65
33.5,-116.875,2023,224,91.98
33.5,-116.25,2023,224,95.2
33.5,-115.625,2023,224,96.85
33.5,-115.0,2023,224,97.69
33.5,-114.375,2023,224,97.56
34.0,-119.375,2023,224,101.36
34.0,-118.75,2023,224,99.37
34.0,-118.125,2023,224,97.0
34.0,-117.5,2023,224,94.39
34.0,-116.875,2023,224,90.54
34.0,-116.25,2023,224,91.05
34.0,-115.625,2023,224,95.03
34.0,-115.0,2023,224,97.09
34.0,-114.375,2023,224,97.56
34.5,-119.375,2023,224,93.14
34.5,-118.75,2023,224,92.79
34.5,-118.125,2023,224,92.62
34.5,-117.5,2023,224,90.12
34.5,-116.875,2023,224,89.11
34.5,-116.25,2023,224,92.19
34.5,-115.625,2023,224,95.24
34.5,-115.0,2023,224,94.75
34.5,-114.375,2023,224,95.75
35.0,-119.375,2023,224,92.7
35.0,-118.75,2023,224,91.42
35.0,-118.125,2023,224,90.45
35.0,-117.5,2023,224,91.66
35.0,-116.875,2023,224,91.86
35.0,-116.25,2023,224,94.18
35.0,-115.625,2023,224,90.11
35.0,-115.0,2023,224,91.52
35.0,-114.375,2023,224,93.32
35.5,-119.375,2023,224,99.29
35.5,-118.75,2023,224,93.14
35.5,-118.125,2023,224,87.8
35.5,-117.5,2023,224,91.53
35.5,-116.875,2023,224,92.05
35.5,-116.25,2023,224,93.35
35.5,-115.625,2023,224,88.91
35.5,-115.0,2023,224,89.65
35.5,-114.375,2023,224,91.73
36.0,-119.375,2023,224,100.07
36.0,-118.75,2023,224,89.42
36.0,-118.125,2023,224,81.27
36.0,-117.5,2023,224,88.07
36.0,-116.875,2023,224,92.44
36.0,-116.25,2023,224,92.55
36.0,-115.625,2023,224,87.9
36.0,-115.0,2023,224,92.95
36.0,-114.375,2023,224,92.88
36.5,-119.375,2023,224,98.42
36.5,-118.75,2023,224,82.89
36.5,-118.125,2023,224,78.34
36.5,-117.5,2023,224,88.53
36.5,-116.875,2023,224,91.73
36.5,-116.25,2023,224,90.22
36.5,-115.625,2023,224,85.38
36.5,-115.0,2023,224,89.28
36.5,-114.375,2023,224,92.78
37.0,-119.375,2023,224,90.05
37.0,-118.75,2023,224,75.71
37.0,-118.125,2023,224,79.86
37.0,-117.5,2023,224,86.56
37.0,-116.875,2023,224,86.88
37.0,-116.25,2023,224,86.11
37.0,-115.625,2023,224,86.43
37.0,-115.0,2023,224,87.61
37.0,-114.375,2023,224,90.01
37.5,-119.375,2023,224,79.48
37.5,-118.75,2023,224,74.85
37.5,-118.125,2023,224,80.68
37.5,-117.5,2023,224,83.43
37.5,-116.875,2023,224,83.74
37.5,-116.25,2023,224,82.89
37.5,-115.625,2023,224,83.74
37.5,-115.0,2023,224,85.25
37.5,-114.375,2023,224,83.81
38.0,-119.375,2023,224,75.45
38.0,-118.75,2023,224,78.18
38.0,-118.125,2023,224,81.41
38.0,-117.5,2023,224,83.06
38.0,-116.875,2023,224,82.26
38.0,-116.25,2023,224,82.54
38.0,-115.625,2023,224,81.91
38.0,-115.0,2023,224,83.64
38.0,-114.375,2023,224,82.1
38.5,-119.375,2023,224,78.31
38.5,-118.75,2023,224,81.73
38.5,-118.125,2023,224,82.53
38.5,-117.5,2023,224,81.39
38.5,-116.875,2023,224,79.6
38.5,-116.25,2023,224,80.89
38.5,-115.625,2023,224,82.6
38.5,-115.0,2023,224,81.73
38.5,-114.375,2023,224,80.46
39.0,-119.375,2023,224,83.52
39.0,-118.75,2023,224,85.34
39.0,-118.125,2023,224,83.53
39.0,-117.5,2023,224,80.15
39.0,-116.875,2023,224,78.37
39.0,-116.25,2023,224,78.72
39.0,-115.625,2023,224,79.96
39.0,-115.0,2023,224,79.94
39.0,-114.375,2023,224,79.83
39.5,-119.375,2023,224,84.69
39.5,-118.75,2023,224,87.44
39.5,-118.125,2023,224,84.85
39.5,-117.5,2023,224,81.25
39.5,-116.875,2023,224,80.15
39.5,-116.25,2023,224,80.2
39.5,-115.625,2023,224,80.34
39.5,-115.0,2023,224,79.56
39.5,-114.375,2023,224,79.95
40.0,-119.375,2023,224,85.28
40.0,-118.75,2023,224,86.77
40.0,-118.125,2023,224,86.52
40.0,-117.5,2023,224,84.67
40.0,-116.875,2023,224,82.02
40.0,-116.25,2023,224,81.34
40.0,-115.625,2023,224,80.3
40.0,-115.0,2023,224,79.79
40.0,-114.375,2023,224,81.09
40.5,-119.375,2023,224,85.95
40.5,-118.75,2023,224,85.44
40.5,-118.125,2023,224,85.0
40.5,-117.5,2023,224,84.04
40.5,-116.875,2023,224,83.99
40.5,-116.25,2023,224,82.7
40.5,-115.625,2023,224,81.14
40.5,-115.0,2023,224,80.75
40.5,-114.375,2023,224,82.72
41.0,-119.375,2023,224,84.39
41.0,-118.75,2023,224,86.32
41.0,-118.125,2023,224,85.85
41.0,-117.5,2023,224,85.08
41.0,-116.875,2023,224,84.4
41.0,-116.25,2023,224,81.93
41.0,-115.625,2023,224,81.88
41.0,-115.0,2023,224,81.19
41.0,-114.375,2023,224,82.78
41.5,-119.375,2023,224,82.57
41.5,-118.75,2023,224,84.36
41.5,-118.125,2023,224,85.44
41.5,-117.5,2023,224,84.29
41.5,-116.875,2023,224,83.2
41.5,-116.25,2023,224,81.01
41.5,-115.625,2023,224,80.21
41.5,-115.0,2023,224,81.1
41.5,-114.375,2023,224,82.21
42.0,-119.375,2023,224,82.77
42.0,-118.75,2023,224,84.76
42.0,-118.125,2023,224,83.3
42.0,-117.5,2023,224,83.6
42.0,-116.875,2023,224,83.68
42.0,-116.25,2023,224,82.81
42.0,-115.625,2023,224,82.0
42.0,-115.0,2023,224,81.75
42.0,-114.375,2023,224,82.6
32.5,-119.375,2023,225,101.5
32.5,-118.75,2023,225,101.49
32.5,-118.125,2023,225,101.42
32.5,-117.5,2023,225,101.21
32.5,-116.875,2023,225,96.94
32.5,-116.25,2023,225,91.96
32.5,-115.625,2023,225,99.17
32.5,-115.0,2023,225,100.43
32.5,-114.375,2023,225,99.37
33.0,-119.375,2023,225,101.44
33.0,-118.75,2023,225,101.44
33.0,-118.125,2023,225,101.24
33.0,-117.5,2023,225,100.5
33.0,-116.875,2023,225,94.79
33.0,-116.25,2023,225,95.7
33.0,-115.625,2023,225,100.43
33.0,-115.0,2023,225,99.04
33.0,-114.375,2023,225,98.59
33.5,-119.375,2023,225,101.44
33.5,-118.75,2023,225,101.43
33.5,-118.125,2023,225,100.84
33.5,-117.5,2023,225,98.56
33.5,-116.875,2023,225,91.89
33.5,-116.25,2023,225,95.12
33.5,-115.625,2023,225,96.76
33.5,-115.0,2023,225,97.61
33.5,-114.375,2023,225,97.48
34.0,-119.375,2023,225,101.24
34.0,-118.75,2023,225,99.27
34.0,-118.125,2023,225,96.89
34.0,-117.5,2023,225,94.31
34.0,-116.875,2023,225,90.48
34.0,-116.25,2023,225,91.05
34.0,-115.625,2023,225,95.01
34.0,-115.0,2023,225,97.05
34.0,-114.375,2023,225,97.49
34.5,-119.375,2023,225,93.06
34.5,-118.75,2023,225,92.73
34.5,-118.125,2023,225,92.54
34.5,-117.5,2023,225,90.07
34.5,-116.875,2023,225,89.09
34.5,-116.25,2023,225,92.19
34.5,-115.625,2023,225,95.23
34.5,-115.0,2023,225,94.74
34.5,-114.375,2023,225,95.72
35.0,-119.375,2023,225,92.62
35.0,-118.75,2023,225,91.34
35.0,-118.125,2023,225,90.41
35.0,-117.5,2023,225,91.63
35.0,-116.875,2023,225,91.85
35.0,-116.25,2023,225,94.18
35.0,-115.625,2023,225,90.13
35.0,-115.0,2023,225,91.54
35.0,-114.375,2023,225,93.33
35.5,-119.375,2023,225,99.19
35.5,-118.75,2023,225,93.01
35.5,-118.125,2023,225,87.81
35.5,-117.5,2023,225,91.52
35.5,-116.875,2023,225,92.06
35.5,-116.25,2023,225,93.36
35.5,-115.625,2023,225,88.94
35.5,-115.0,2023,225,89.7
35.5,-114.375,2023,225,91.75
36.0,-119.375,2023,225,99.99
36.0,-118.75,2023,225,89.31
36.0,-118.125,2023,225,81.35
36.0,-117.5,2023,225,88.1
36.0,-116.875,2023,225,92.47
36.0,-116.25,2023,225,92.58
36.0,-115.625,2023,225,87.97
36.0,-115.0,2023,225,93.02
36.0,-114.375,2023,225,92.93
36.5,-119.375,2023,225,98.33
36.5,-118.75,2023,225,82.88
36.5,-118.125,2023,225,78.45
36.5,-117.5,2023,225,88.6
36.5,-116.875,2023,225,91.77
36.5,-116.25,2023,225,90.27
36.5,-115.625,2023,225,85.44
36.5,-115.0,2023,225,89.37
36.5,-114.375,2023,225,92.85
37.0,-119.375,2023,225,89.99
37.0,-118.75,2023,225,75.79
37.0,-118.125,2023,225,79.95
37.0,-117.5,2023,225,86.6
37.0,-116.875,2023,225,86.92
37.0,-116.25,2023,225,86.18
37.0,-115.625,2023,225,86.53
37.0,-115.0,2023,225,87.74
37.0,-114.375,2023,225,90.11
37.5,-119.375,2023,225,79.55
37.5,-118.75,2023,225,74.98
37.5,-118.125,2023,225,80.78
37.5,-117.5,2023,225,83.53
37.5,-116.875,2023,225,83.81
37.5,-116.25,2023,225,82.98
37.5,-115.625,2023,225,83.86
37.5,-115.0,2023,225,85.38
37.5,-114.375,2023,225,83.88
38.0,-119.375,2023,225,75.57
38.0,-118.75,2023,225,78.31
38.0,-118.125,2023,225,81.53
38.0,-117.5,2023,225,83.17
38.0,-116.875,2023,225,82.35
38.0,-116.25,2023,225,82.64
38.0,-115.625,2023,225,82.03
38.0,-115.0,2023,225,83.76
38.0,-114.375,2023,225,82.18
38.5,-119.375,2023,225,78.43
38.5,-118.75,2023,225,81.86
38.5,-118.125,2023,225,82.66
38.5,-117.5,2023,225,81.5
38.5,-116.875,2023,225,79.69
38.5,-116.25,2023,225,80.98
38.5,-115.625,2023,225,82.7
38.5,-115.0,2023,225,81.82
38.5,-114.375,2023,225,80.54
39.0,-119.375,2023,225,83.6
39.0,-118.75,2023,225,85.45
39.0,-118.125,2023,225,83.65
39.0,-117.5,2023,225,80.24
39.0,-116.875,2023,225,78.45
39.0,-116.25,2023,225,78.79
39.0,-115.625,2023,225,80.04
39.0,-115.0,2023,225,80.01
39.0,-114.375,2023,225,79.9
39.5,-119.375,2023,225,84.79
39.5,-118.75,2023,225,87.53
39.5,-118.125,2023,225,84.96
39.5,-117.5,2023,225,81.34
39.5,-116.875,2023,225,80.22
39.5,-116.25,2023,225,80.27
39.5,-115.625,2023,225,80.4
39.5,-115.0,2023,225,79.62
39.5,-114.375,2023,225,80.02
40.0,-119.375,2023,225,85.41
40.0,-118.75,2023,225,86.9
40.0,-118.125,2023,225,86.65
40.0,-117.5,2023,225,84.78
40.0,-116.875,2023,225,82.13
40.0,-116.25,2023,225,81.44
40.0,-115.625,2023,225,80.37
40.0,-115.0,2023,225,79.86
40.0,-114.375,2023,225,81.18
40.5,-119.375,2023,225,86.1
40.5,-118.75,2023,225,85.6
40.5,-118.125,2023,225,85.16
40.5,-117.5,2023,225,84.2
40.5,-116.875,2023,225,84.15
40.5,-116.25,2023,225,82.83
40.5,-115.625,2023,225,81.26
40.5,-115.0,2023,225,80.85
40.5,-114.375,2023,225,82.83
41.0,-119.375,2023,225,84.55
41.0,-118.75,2023,225,86.48
41.0,-118.125,2023,225,86.02
41.0,-117.5,2023,225,85.25
41.0,-116.875,2023,225,84.57
41.0,-116.25,2023,225,82.08
41.0,-115.625,2023,225,82.03
41.0,-115.0,2023,225,81.33
41.0,-114.375,2023,225,82.9
41.5,-119.375,2023,225,82.72
41.5,-118.75,2023,225,84.54
41.5,-118.125,2023,225,85.61
41.5,-117.5,2023,225,84.46
41.5,-116.875,2023,225,83.37
41.5,-116.25,2023,225,81.16
41.5,-115.625,2023,225,80.35
41.5,-115.0,2023,225,81.25
41.5,-114.375,2023,225,82.35
42.0,-119.375,2023,225,82.92
42.0,-118.75,2023,225,84.91
42.0,-118.125,2023,225,83.47
42.0,-117.5,2023,225,83.76
42.0,-116.875,2023,225,83.84
42.0,-116.25,2023,225,82.97
42.0,-115.625,2023,225,82.15
42.0,-115.0,2023,225,81.89
42.0,-114.375,2023,225,82.76
32.5,-119.375,2023,226,101.4
32.5,-118.75,2023,226,101.41
32.5,-118.125,2023,226,101.35
32.5,-117.5,2023,226,101.14
32.5,-116.875,2023,226,96.85
32.5,-116.25,2023,226,91.92
32.5,-115.625,2023,226,99.1
32.5,-115.0,2023,226,100.4
32.5,-114.375,2023,226,99.32
33.0,-119.375,2023,226,101.34
33.0,-118.75,2023,226,101.37
33.0,-118.125,2023,226,101.17
33.0,-117.5,2023,226,100.42
33.0,-116.875,2023,226,94.72
33.0,-116.25,2023,226,95.65
33.0,-115.625,2023,226,100.36
33.0,-115.0,2023,226,99.0
33.0,-114.375,2023,226,98.54
33.5,-119.375,2023,226,101.37
33.5,-118.75,2023,226,101.38
33.5,-118.125,2023,226,100.77
33.5,-117.5,2023,226,98.5
33.5,-116.875,2023,226,91.85
33.5,-116.25,2023,226,95.09
33.5,-115.625,2023,226,96.73
33.5,-115.0,2023,226,97.57
33.5,-114.375,2023,226,97.43
34.0,-119.375,2023,226,101.15
34.0,-118.75,2023,226,99.21
34.0,-118.125,2023,226,96.82
34.0,-117.5,2023,226,94.25
34.0,-116.875,2023,226,90.43
34.0,-116.25,2023,226,91.03
34.0,-115.625,2023,226,94.99
34.0,-115.0,2023,226,97.01
34.0,-114.375,2023,226,97.45
34.5,-119.375,2023,226,93.01
34.5,-118.75,2023,226,92.68
34.5,-118.125,2023,226,92.48
34.5,-117.5,2023,226,90.02
34.5,-116.875,2023,226,89.07
34.5,-116.25,2023,226,92.2
34.5,-115.625,2023,226,95.22
34.5,-115.0,2023,226,94.72
34.5,-114.375,2023,226,95.68
35.0,-119.375,2023,226,92.53
35.0,-118.75,2023,226,91.26
35.0,-118.125,2023,226,90.38
35.0,-117.5,2023,226,91.58
35.0,-116.875,2023,226,91.82
35.0,-116.25,2023,226,94.17
35.0,-115.625,2023,226,90.13
35.0,-115.0,2023,226,91.55
35.0,-114.375,2023,226,93.31
35.5,-119.375,2023,226,99.02
35.5,-118.75,2023,226,92.89
35.5,-118.125,2023,226,87.81
35.5,-117.5,2023,226,91.5
35.5,-116.875,2023,226,92.06
35.5,-116.25,2023,226,93.37
35.5,-115.625,2023,226,88.98
35.5,-115.0,2023,226,89.75
35.5,-114.375,2023,226,91.78
36.0,-119.375,2023,226,99.8
36.0,-118.75,2023,226,89.27
36.0,-118.125,2023,226,81.4
36.0,-117.5,2023,226,88.14
36.0,-116.875,2023,226,92.49
36.0,-116.25,2023,226,92.6
36.0,-115.625,2023,226,88.01
36.0,-115.0,2023,226,93.08
36.0,-114.375,2023,226,92.96
36.5,-119.375,2023,226,98.17
36.5,-118.75,2023,226,82.89
36.5,-118.125,2023,226,78.47
36.5,-117.5,2023,226,88.65
36.5,-116.875,2023,226,91.82
36.5,-116.25,2023,226,90.31
36.5,-115.625,2023,226,85.5
36.5,-115.0,2023,226,89.4
36.5,-114.375,2023,226,92.86
37.0,-119.375,2023,226,89.96
37.0,-118.75,2023,226,75.82
37.0,-118.125,2023,226,79.99
37.0,-117.5,2023,226,86.71
37.0,-116.875,2023,226,87.0
37.0,-116.25,2023,226,86.24
37.0,-115.625,2023,226,86.57
37.0,-115.0,2023,226,87.73
37.0,-114.375,2023,226,90.07
37.5,-119.375,2023,226,79.53
37.5,-118.75,2023,226,74.96
37.5,-118.125,2023,226,80.82
37.5,-117.5,2023,226,83.59
37.5,-116.875,2023,226,83.88
37.5,-116.25,2023,226,83.04
37.5,-115.625,2023,226,83.91
37.5,-115.0,2023,226,85.38
37.5,-114.375,2023,226,83.86
38.0,-119.375,2023,226,75.56
38.0,-118.75,2023,226,78.29
38.0,-118.125,2023,226,81.54
38.0,-117.5,2023,226,83.22
38.0,-116.875,2023,226,82.42
38.0,-116.25,2023,226,82.71
38.0,-115.625,2023,226,82.09
38.0,-115.0,2023,226,83.78
38.0,-114.375,2023,226,82.19
38.5,-119.375,2023,226,78.38
38.5,-118.75,2023,226,81.82
38.5,-118.125,2023,226,82.65
38.5,-117.5,2023,226,81.53
38.5,-116.875,2023,226,79.74
38.5,-116.25,2023,226,81.06
38.5,-115.625,2023,226,82.77
38.5,-115.0,2023,226,81.87
38.5,-114.375,2023,226,80.58
39.0,-119.375,2023,226,83.56
39.0,-118.75,2023,226,85.39
39.0,-118.125,2023,226,83.63
39.0,-117.5,2023,226,80.26
39.0,-116.875,2023,226,78.49
39.0,-116.25,2023,226,78.87
39.0,-115.625,2023,226,80.14
39.0,-115.0,2023,226,80.08
39.0,-114.375,2023,226,79.97
39.5,-119.375,2023,226,84.76
39.5,-118.75,2023,226,87.5
39.5,-118.125,2023,226,84.93
39.5,-117.5,2023,226,81.35
39.5,-116.875,2023,226,80.26
39.5,-116.25,2023,226,80.34
39.5,-115.625,2023,226,80.47
39.5,-115.0,2023,226,79.69
39.5,-114.375,2023,226,80.1
40.0,-119.375,2023,226,85.38
40.0,-118.75,2023,226,86.89
40.0,-118.125,2023,226,86.66
40.0,-117.5,2023,226,84.81
40.0,-116.875,2023,226,82.18
40.0,-116.25,2023,226,81.51
40.0,-115.625,2023,226,80.45
40.0,-115.0,2023,226,79.95
40.0,-114.375,2023,226,81.29
40.5,-119.375,2023,226,86.04
40.5,-118.75,2023,226,85.58
40.5,-118.125,2023,226,85.16
40.5,-117.5,2023,226,84.23
40.5,-116.875,2023,226,84.17
40.5,-116.25,2023,226,82.87
40.5,-115.625,2023,226,81.31
40.5,-115.0,2023,226,80.93
40.5,-114.375,2023,226,82.94
41.0,-119.375,2023,226,84.51
41.0,-118.75,2023,226,86.42
41.0,-118.125,2023,226,85.98
41.0,-117.5,2023,226,85.22
41.0,-116.875,2023,226,84.55
41.0,-116.25,2023,226,82.12
41.0,-115.625,2023,226,82.08
41.0,-115.0,2023,226,81.41
41.0,-114.375,2023,226,83.03
41.5,-119.375,2023,226,82.67
41.5,-118.75,2023,226,84.5
41.5,-118.125,2023,226,85.58
41.5,-117.5,2023,226,84.43
41.5,-116.875,2023,226,83.36
41.5,-116.25,2023,226,81.19
41.5,-115.625,2023,226,80.42
41.5,-115.0,2023,226,81.35
41.5,-114.375,2023,226,82.47
42.0,-119.375,2023,226,82.86
42.0,-118.75,2023,226,84.83
42.0,-118.125,2023,226,83.43
42.0,-117.5,2023,226,83.74
42.0,-116.875,2023,226,83.84
42.0,-116.25,2023,226,83.0
42.0,-115.625,2023,226,82.2
42.0,-115.0,2023,226,81.98
42.0,-114.375,2023,226,82.88
32.5,-119.375,2023,227,101.49
32.5,-118.75,2023,227,101.47
32.5,-118.125,2023,227,101.42
32.5,-117.5,2023,227,101.2
32.5,-116.875,2023,227,96.95
32.5,-116.25,2023,227,92.03
32.5,-115.625,2023,227,99.17
32.5,-115.0,2023,227,100.44
32.5,-114.375,2023,227,99.37
33.0,-119.375,2023,227,101.42
33.0,-118.75,2023,227,101.44
33.0,-118.125,2023,227,101.24
33.0,-117.5,2023,227,100.5
33.0,-116.875,2023,227,94.81
33.0,-116.25,2023,227,95.72
33.0,-115.625,2023,227,100.4
33.0,-115.0,2023,227,99.06
33.0,-114.375,2023,227,98.6
33.5,-119.375,2023,227,101.46
33.5,-118.75,2023,227,101.43
33.5,-118.125,2023,227,100.85
33.5,-117.5,2023,227,98.58
33.5,-116.875,2023,227,91.97
33.5,-116.25,2023,227,95.15
33.5,-115.625,2023,227,96.78
33.5,-115.0,2023,227,97.64
33.5,-114.375,2023,227,97.5
34.0,-119.375,2023,227,101.2
34.0,-118.75,2023,227,99.29
34.0,-118.125,2023,227,96.92
34.0,-117.5,2023,227,94.36
34.0,-116.875,2023,227,90.56
34.0,-116.25,2023,227,91.11
34.0,-115.625,2023,227,95.04
34.0,-115.0,2023,227,97.07
34.0,-114.375,2023,227,97.53
34.5,-119.375,2023,227,93.17
34.5,-118.75,2023,227,92.8
34.5,-118.125,2023,227,92.61
34.5,-117.5,2023,227,90.18
34.5,-116.875,2023,227,89.22
34.5,-116.25,2023,227,92.28
34.5,-115.625,2023,227,95.25
34.5,-115.0,2023,227,94.77
34.5,-114.375,2023,227,95.75
35.0,-119.375,2023,227,92.62
35.0,-118.75,2023,227,91.41
35.0,-118.125,2023,227,90.53
35.0,-117.5,2023,227,91.74
35.0,-116.875,2023,227,91.95
35.0,-116.25,2023,227,94.26
35.0,-115.625,2023,227,90.2
35.0,-115.0,2023,227,91.58
35.0,-114.375,2023,227,93.37
35.5,-119.375,2023,227,99.13
35.5,-118.75,2023,227,93.06
35.5,-118.125,2023,227,87.96
35.5,-117.5,2023,227,91.62
35.5,-116.875,2023,227,92.16
35.5,-116.25,2023,227,93.44
35.5,-115.625,2023,227,89.03
35.5,-115.0,2023,227,89.78
35.5,-114.375,2023,227,91.82
36.0,-119.375,2023,227,99.91
36.0,-118.75,2023,227,89.45
36.0,-118.125,2023,227,81.54
36.0,-117.5,2023,227,88.23
36.0,-116.875,2023,227,92.55
36.0,-116.25,2023,227,92.64
36.0,-115.625,2023,227,88.08
36.0,-115.0,2023,227,93.1
36.0,-114.375,2023,227,93.0
36.5,-119.375,2023,227,98.29
36.5,-118.75,2023,227,83.06
36.5,-118.125,2023,227,78.59
36.5,-117.5,2023,227,88.71
36.5,-116.875,2023,227,91.86
36.5,-116.25,2023,227,90.36
36.5,-115.625,2023,227,85.59
36.5,-115.0,2023,227,89.47
36.5,-114.375,2023,227,92.92
37.0,-119.375,2023,227,90.13
37.0,-118.75,2023,227,75.98
37.0,-118.125,2023,227,80.1
37.0,-117.5,2023,227,86.77
37.0,-116.875,2023,227,87.07
37.0,-116.25,2023,227,86.32
37.0,-115.625,2023,227,86.65
37.0,-115.0,2023,227,87.83
37.0,-114.375,2023,227,90.16
37.5,-119.375,2023,227,79.7
37.5,-118.75,2023,227,75.12
37.5,-118.125,2023,227,80.93
37.5,-117.5,2023,227,83.65
37.5,-116.875,2023,227,83.96
37.5,-116.25,2023,227,83.14
37.5,-115.625,2023,227,84.0
37.5,-115.0,2023,227,85.49
37.5,-114.375,2023,227,84.0
38.0,-119.375,2023,227,75.72
38.0,-118.75,2023,227,78.44
38.0,-118.125,2023,227,81.64
38.0,-117.5,2023,227,83.3
38.0,-116.875,2023,227,82.52
38.0,-116.25,2023,227,82.81
38.0,-115.625,2023,227,82.18
38.0,-115.0,2023,227,83.88
38.0,-114.375,2023,227,82.33
38.5,-119.375,2023,227,78.55
38.5,-118.75,2023,227,81.98
38.5,-118.125,2023,227,82.78
38.5,-117.5,2023,227,81.64
38.5,-116.875,2023,227,79.88
38.5,-116.25,2023,227,81.19
38.5,-115.625,2023,227,82.88
38.5,-115.0,2023,227,82.0
38.5,-114.375,2023,227,80.73
39.0,-119.375,2023,227,83.8
39.0,-118.75,2023,227,85.62
39.0,-118.125,2023,227,83.81
39.0,-117.5,2023,227,80.42
39.0,-116.875,2023,227,78.67
39.0,-116.25,2023,227,79.03
39.0,-115.625,2023,227,80.27
39.0,-115.0,2023,227,80.23
39.0,-114.375,2023,227,80.11
39.5,-119.375,2023,227,84.99
39.5,-118.75,2023,227,87.75
39.5,-118.125,2023,227,85.15
39.5,-117.5,2023,227,81.53
39.5,-116.875,2023,227,80.45
39.5,-116.25,2023,227,80.52
39.5,-115.625,2023,227,80.63
39.5,-115.0,2023,227,79.85
39.5,-114.375,2023,227,80.23
40.0,-119.375,2023,227,85.6
40.0,-118.75,2023,227,87.13
40.0,-118.125,2023,227,86.88
40.0,-117.5,2023,227,85.01
40.0,-116.875,2023,227,82.35
40.0,-116.25,2023,227,81.68
40.0,-115.625,2023,227,80.64
40.0,-115.0,2023,227,80.1
40.0,-114.375,2023,227,81.39
40.5,-119.375,2023,227,86.26
40.5,-118.75,2023,227,85.78
40.5,-118.125,2023,227,85.36
40.5,-117.5,2023,227,84.42
40.5,-116.875,2023,227,84.36
40.5,-116.25,2023,227,83.04
40.5,-115.625,2023,227,81.48
40.5,-115.0,2023,227,81.05
40.5,-114.375,2023,227,83.02
41.0,-119.375,2023,227,84.67
41.0,-118.75,2023,227,86.61
41.0,-118.125,2023,227,86.18
41.0,-117.5,2023,227,85.42
41.0,-116.875,2023,227,84.75
41.0,-116.25,2023,227,82.27
41.0,-115.625,2023,227,82.21
41.0,-115.0,2023,227,81.51
41.0,-114.375,2023,227,83.1
41.5,-119.375,2023,227,82.81
41.5,-118.75,2023,227,84.64
41.5,-118.125,2023,227,85.75
41.5,-117.5,2023,227,84.59
41.5,-116.875,2023,227,83.5
41.5,-116.25,2023,227,81.32
41.5,-115.625,2023,227,80.51
41.5,-115.0,2023,227,81.4
41.5,-114.375,2023,227,82.52
42.0,-119.375,2023,227,82.95
42.0,-118.75,2023,227,84.93
42.0,-118.125,2023,227,83.51
42.0,-117.5,2023,227,83.82
42.0,-116.875,2023,227,83.92
42.0,-116.25,2023,227,83.06
42.0,-115.625,2023,227,82.25
42.0,-115.0,2023,227,82.0
42.0,-114.375,2023,227,82.87
32.5,-119.375,2023,228,101.43
32.5,-118.75,2023,228,101.4
32.5,-118.125,2023,228,101.32
32.5,-117.5,2023,228,101.09
32.5,-116.875,2023,228,96.85
32.5,-116.25,2023,228,92.02
32.5,-115.625,2023,228,99.11
32.5,-115.0,2023,228,100.34
32.5,-114.375,2023,228,99.25
33.0,-119.375,2023,228,101.37
33.0,-118.75,2023,228,101.35
33.0,-118.125,2023,228,101.15
33.0,-117.5,2023,228,100.39
33.0,-116.875,2023,228,94.75
33.0,-116.25,2023,228,95.71
33.0,-115.625,2023,228,100.34
33.0,-115.0,2023,228,98.98
33.0,-114.375,2023,228,98.5
33.5,-119.375,2023,228,101.38
33.5,-118.75,2023,228,101.32
33.5,-118.125,2023,228,100.74
33.5,-117.5,2023,228,98.49
33.5,-116.875,2023,228,91.95
33.5,-116.25,2023,228,95.16
33.5,-115.625,2023,228,96.76
33.5,-115.0,2023,228,97.6
33.5,-114.375,2023,228,97.43
34.0,-119.375,2023,228,101.13
34.0,-118.75,2023,228,99.16
34.0,-118.125,2023,228,96.85
34.0,-117.5,2023,228,94.3
34.0,-116.875,2023,228,90.54
34.0,-116.25,2023,228,91.14
34.0,-115.625,2023,228,95.07
34.0,-115.0,2023,228,97.05
34.0,-114.375,2023,228,97.48
34.5,-119.375,2023,228,93.1
34.5,-118.75,2023,228,92.77
34.5,-118.125,2023,228,92.61
34.5,-117.5,2023,228,90.18
34.5,-116.875,2023,228,89.25
34.5,-116.25,2023,228,92.35
34.5,-115.625,2023,228,95.31
34.5,-115.0,2023,228,94.77
34.5,-114.375,2023,228,95.73
35.0,-119.375,2023,228,92.64
35.0,-118.75,2023,228,91.41
35.0,-118.125,2023,228,90.57
35.0,-117.5,2023,228,91.78
35.0,-116.875,2023,228,92.01
35.0,-116.25,2023,228,94.34
35.0,-115.625,2023,228,90.23
35.0,-115.0,2023,228,91.62
35.0,-114.375,2023,228,93.36
35.5,-119.375,2023,228,99.11
35.5,-118.75,2023,228,93.07
35.5,-118.125,2023,228,87.97
35.5,-117.5,2023,228,91.69
35.5,-116.875,2023,228,92.24
35.5,-116.25,2023,228,93.54
35.5,-115.625,2023,228,89.08
35.5,-115.0,2023,228,89.8
35.5,-114.375,2023,228,91.83
36.0,-119.375,2023,228,99.89
36.0,-118.75,2023,228,89.46
36.0,-118.125,2023,228,81.54
36.0,-117.5,2023,228,88.28
36.0,-116.875,2023,228,92.64
36.0,-116.25,2023,228,92.74
36.0,-115.625,2023,228,88.09
36.0,-115.0,2023,228,93.13
36.0,-114.375,2023,228,93.01
36.5,-119.375,2023,228,98.26
36.5,-118.75,2023,228,83.09
36.5,-118.125,2023,228,78.59
36.5,-117.5,2023,228,88.72
36.5,-116.875,2023,228,91.92
36.5,-116.25,2023,228,90.42
36.5,-115.625,2023,228,85.6
36.5,-115.0,2023,228,89.46
36.5,-114.375,2023,228,92.92
37.0,-119.375,2023,228,90.12
37.0,-118.75,2023,228,75.98
37.0,-118.125,2023,228,80.07
37.0,-117.5,2023,228,86.75
37.0,-116.875,2023,228,87.07
37.0,-116.25,2023,228,86.31
37.0,-115.625,2023,228,86.65
37.0,-115.0,2023,228,87.8
37.0,-114.375,2023,228,90.13
37.5,-119.375,2023,228,79.7
37.5,-118.75,2023,228,75.11
37.5,-118.125,2023,228,80.88
37.5,-117.5,2023,228,83.6
37.5,-116.875,2023,228,83.93
37.5,-116.25,2023,228,83.11
37.5,-115.625,2023,228,83.97
37.5,-115.0,2023,228,85.45
37.5,-114.375,2023,228,83.97
38.0,-119.375,2023,228,75.73
38.0,-118.75,2023,228,78.45
38.0,-118.125,2023,228,81.6
38.0,-117.5,2023,228,83.24
38.0,-116.875,2023,228,82.48
38.0,-116.25,2023,228,82.78
38.0,-115.625,2023,228,82.16
38.0,-115.0,2023,228,83.85
38.0,-114.375,2023,228,82.29
38.5,-119.375,2023,228,78.56
38.5,-118.75,2023,228,81.97
38.5,-118.125,2023,228,82.74
38.5,-117.5,2023,228,81.6
38.5,-116.875,2023,228,79.84
38.5,-116.25,2023,228,81.16
38.5,-115.625,2023,228,82.88
38.5,-115.0,2023,228,81.96
38.5,-114.375,2023,228,80.68
39.0,-119.375,2023,228,83.78
39.0,-118.75,2023,228,85.58
39.0,-118.125,2023,228,83.77
39.0,-117.5,2023,228,80.38
39.0,-116.875,2023,228,78.64
39.0,-116.25,2023,228,79.01
39.0,-115.625,2023,228,80.24
39.0,-115.0,2023,228,80.19
39.0,-114.375,2023,228,80.07
39.5,-119.375,2023,228,84.93
39.5,-118.75,2023,228,87.67
39.5,-118.125,2023,228,85.1
39.5,-117.5,2023,228,81.52
39.5,-116.875,2023,228,80.44
39.5,-116.25,2023,228,80.5
39.5,-115.625,2023,228,80.63
39.5,-115.0,2023,228,79.82
39.5,-114.375,2023,228,80.19
40.0,-119.375,2023,228,85.53
40.0,-118.75,2023,228,87.04
40.0,-118.125,2023,228,86.8
40.0,-117.5,2023,228,84.97
40.0,-116.875,2023,228,82.34
40.0,-116.25,2023,228,81.65
40.0,-115.625,2023,228,80.59
40.0,-115.0,2023,228,80.06
40.0,-114.375,2023,228,81.34
40.5,-119.375,2023,228,86.17
40.5,-118.75,2023,228,85.7
40.5,-118.125,2023,228,85.3
40.5,-117.5,2023,228,84.38
40.5,-116.875,2023,228,84.32
40.5,-116.25,2023,228,83.01
40.5,-115.625,2023,228,81.44
40.5,-115.0,2023,228,81.01
40.5,-114.375,2023,228,82.96
41.0,-119.375,2023,228,84.63
41.0,-118.75,2023,228,86.54
41.0,-118.125,2023,228,86.1
41.0,-117.5,2023,228,85.37
41.0,-116.875,2023,228,84.71
41.0,-116.25,2023,228,82.23
41.0,-115.625,2023,228,82.16
41.0,-115.0,2023,228,81.46
41.0,-114.375,2023,228,83.02
41.5,-119.375,2023,228,82.78
41.5,-118.75,2023,228,84.6
41.5,-118.125,2023,228,85.68
41.5,-117.5,2023,228,84.55
41.5,-116.875,2023,228,83.47
41.5,-116.25,2023,228,81.28
41.5,-115.625,2023,228,80.47
41.5,-115.0,2023,228,81.35
41.5,-114.375,2023,228,82.44
42.0,-119.375,2023,228,82.93
42.0,-118.75,2023,228,84.9
42.0,-118.125,2023,228,83.49
42.0,-117.5,2023,228,83.8
42.0,-116.875,2023,228,83.89
42.0,-116.25,2023,228,83.02
42.0,-115.625,2023,228,82.21
42.0,-115.0,2023,228,81.95
42.0,-114.375,2023,228,82.79
32.5,-119.375,2023,229,101.18
32.5,-118.75,2023,229,101.14
32.5,-118.125,2023,229,101.07
32.5,-117.5,2023,229,100.83
32.5,-116.875,2023,229,96.63
32.5,-116.25,2023,229,91.79
32.5,-115.625,2023,229,98.88
32.5,-115.0,2023,229,100.13
32.5,-114.375,2023,229,99.09
33.0,-119.375,2023,229,101.11
33.0,-118.75,2023,229,101.08
33.0,-118.125,2023,229,100.9
33.0,-117.5,2023,229,100.14
33.0,-116.875,2023,229,94.55
33.0,-116.25,2023,229,95.46
33.0,-115.625,2023,229,100.09
33.0,-115.0,2023,229,98.74
33.0,-114.375,2023,229,98.31
33.5,-119.375,2023,229,101.12
33.5,-118.75,2023,229,101.05
33.5,-118.125,2023,229,100.5
33.5,-117.5,2023,229,98.24
33.5,-116.875,2023,229,91.71
33.5,-116.25,2023,229,94.9
33.5,-115.625,2023,229,96.49
33.5,-115.0,2023,229,97.34
33.5,-114.375,2023,229,97.22
34.0,-119.375,2023,229,100.85
34.0,-118.75,2023,229,98.93
34.0,-118.125,2023,229,96.61
34.0,-117.5,2023,229,94.08
34.0,-116.875,2023,229,90.32
34.0,-116.25,2023,229,90.87
34.0,-115.625,2023,229,94.77
34.0,-115.0,2023,229,96.79
34.0,-114.375,2023,229,97.25
34.5,-119.375,2023,229,92.86
34.5,-118.75,2023,229,92.48
34.5,-118.125,2023,229,92.33
34.5,-117.5,2023,229,89.91
34.5,-116.875,2023,229,88.97
34.5,-116.25,2023,229,92.01
34.5,-115.625,2023,229,95.0
34.5,-115.0,2023,229,94.51
34.5,-114.375,2023,229,95.49
35.0,-119.375,2023,229,92.37
35.0,-118.75,2023,229,91.14
35.0,-118.125,2023,229,90.24
35.0,-117.5,2023,229,91.45
35.0,-116.875,2023,229,91.66
35.0,-116.25,2023,229,93.98
35.0,-115.625,2023,229,89.95
35.0,-115.0,2023,229,91.35
35.0,-114.375,2023,229,93.12
35.5,-119.375,2023,229,98.82
35.5,-118.75,2023,229,92.79
35.5,-118.125,2023,229,87.65
35.5,-117.5,2023,229,91.33
35.5,-116.875,2023,229,91.87
35.5,-116.25,2023,229,93.17
35.5,-115.625,2023,229,88.78
35.5,-115.0,2023,229,89.55
35.5,-114.375,2023,229,91.58
36.0,-119.375,2023,229,99.6
36.0,-118.75,2023,229,89.22
36.0,-118.125,2023,229,81.25
36.0,-117.5,2023,229,87.94
36.0,-116.875,2023,229,92.26
36.0,-116.25,2023,229,92.39
36.0,-115.625,2023,229,87.79
36.0,-115.0,2023,229,92.82
36.0,-114.375,2023,229,92.75
36.5,-119.375,2023,229,98.01
36.5,-118.75,2023,229,82.82
36.5,-118.125,2023,229,78.28
36.5,-117.5,2023,229,88.36
36.5,-116.875,2023,229,91.55
36.5,-116.25,2023,229,90.09
36.5,-115.625,2023,229,85.3
36.5,-115.0,2023,229,89.17
36.5,-114.375,2023,229,92.66
37.0,-119.375,2023,229,89.86
37.0,-118.75,2023,229,75.69
37.0,-118.125,2023,229,79.76
37.0,-117.5,2023,229,86.43
37.0,-116.875,2023,229,86.75
37.0,-116.25,2023,229,86.01
37.0,-115.625,2023,229,86.33
37.0,-115.0,2023,229,87.51
37.0,-114.375,2023,229,89.89
37.5,-119.375,2023,229,79.4
37.5,-118.75,2023,229,74.8
37.5,-118.125,2023,229,80.57
37.5,-117.5,2023,229,83.29
37.5,-116.875,2023,229,83.62
37.5,-116.25,2023,229,82.8
37.5,-115.625,2023,229,83.65
37.5,-115.0,2023,229,85.15
37.5,-114.375,2023,229,83.72
38.0,-119.375,2023,229,75.42
38.0,-118.75,2023,229,78.12
38.0,-118.125,2023,229,81.3
38.0,-117.5,2023,229,82.93
38.0,-116.875,2023,229,82.16
38.0,-116.25,2023,229,82.44
38.0,-115.625,2023,229,81.82
38.0,-115.0,2023,229,83.53
38.0,-114.375,2023,229,82.02
38.5,-119.375,2023,229,78.23
38.5,-118.75,2023,229,81.68
38.5,-118.125,2023,229,82.44
38.5,-117.5,2023,229,81.29
38.5,-116.875,2023,229,79.52
38.5,-116.25,2023,229,80.82
38.5,-115.625,2023,229,82.49
38.5,-115.0,2023,229,81.63
38.5,-114.375,2023,229,80.4
39.0,-119.375,2023,229,83.47
39.0,-118.75,2023,229,85.27
39.0,-118.125,2023,229,83.46
39.0,-117.5,2023,229,80.07
39.0,-116.875,2023,229,78.3
39.0,-116.25,2023,229,78.65
39.0,-115.625,2023,229,79.9
39.0,-115.0,2023,229,79.86
39.0,-114.375,2023,229,79.77
39.5,-119.375,2023,229,84.63
39.5,-118.75,2023,229,87.36
39.5,-118.125,2023,229,84.78
39.5,-117.5,2023,229,81.17
39.5,-116.875,2023,229,80.06
39.5,-116.25,2023,229,80.11
39.5,-115.625,2023,229,80.24
39.5,-115.0,2023,229,79.48
39.5,-114.375,2023,229,79.88
40.0,-119.375,2023,229,85.24
40.0,-118.75,2023,229,86.75
40.0,-118.125,2023,229,86.48
40.0,-117.5,2023,229,84.6
40.0,-116.875,2023,229,81.95
40.0,-116.25,2023,229,81.26
40.0,-115.625,2023,229,80.22
40.0,-115.0,2023,229,79.71
40.0,-114.375,2023,229,81.02
40.5,-119.375,2023,229,85.91
40.5,-118.75,2023,229,85.42
40.5,-118.125,2023,229,84.96
40.5,-117.5,2023,229,83.99
40.5,-116.875,2023,229,83.91
40.5,-116.25,2023,229,82.61
40.5,-115.625,2023,229,81.06
40.5,-115.0,2023,229,80.66
40.5,-114.375,2023,229,82.63
41.0,-119.375,2023,229,84.34
41.0,-118.75,2023,229,86.21
41.0,-118.125,2023,229,85.75
41.0,-117.5,2023,229,84.96
41.0,-116.875,2023,229,84.28
41.0,-116.25,2023,229,81.84
41.0,-115.625,2023,229,81.8
41.0,-115.0,2023,229,81.12
41.0,-114.375,2023,229,82.71
41.5,-119.375,2023,229,82.48
41.5,-118.75,2023,229,84.23
41.5,-118.125,2023,229,85.28
41.5,-117.5,2023,229,84.13
41.5,-116.875,2023,229,83.06
41.5,-116.25,2023,229,80.91
41.5,-115.625,2023,229,80.13
41.5,-115.0,2023,229,81.04
41.5,-114.375,2023,229,82.15
42.0,-119.375,2023,229,82.62
42.0,-118.75,2023,229,84.53
42.0,-118.125,2023,229,83.11
42.0,-117.5,2023,229,83.4
42.0,-116.875,2023,229,83.49
42.0,-116.25,2023,229,82.66
42.0,-115.625,2023,229,81.85
42.0,-115.0,2023,229,81.62
42.0,-114.375,2023,229,82.49
32.5,-119.375,2023,230,101.13
32.5,-118.75,2023,230,101.11
32.5,-118.125,2023,230,101.03
32.5,-117.5,2023,230,100.81
32.5,-116.875,2023,230,96.59
32.5,-116.25,2023,230,91.7
32.5,-115.625,2023,230,98.83
32.5,-115.0,2023,230,100.1
32.5,-114.375,2023,230,99.07
33.0,-119.375,2023,230,101.07
33.0,-118.75,2023,230,101.06
33.0,-118.125,2023,230,100.87
33.0,-117.5,2023,230,100.12
33.0,-116.875,2023,230,94.49
33.0,-116.25,2023,230,95.4
33.0,-115.625,2023,230,100.08
33.0,-115.0,2023,230,98.72
33.0,-114.375,2023,230,98.32
33.5,-119.375,2023,230,101.12
33.5,-118.75,2023,230,101.06
33.5,-118.125,2023,230,100.49
33.5,-117.5,2023,230,98.22
33.5,-116.875,2023,230,91.65
33.5,-116.25,2023,230,94.84
33.5,-115.625,2023,230,96.46
33.5,-115.0,2023,230,97.31
33.5,-114.375,2023,230,97.21
34.0,-119.375,2023,230,100.84
34.0,-118.75,2023,230,98.93
34.0,-118.125,2023,230,96.58
34.0,-117.5,2023,230,94.02
34.0,-116.875,2023,230,90.23
34.0,-116.25,2023,230,90.78
34.0,-115.625,2023,230,94.71
34.0,-115.0,2023,230,96.75
34.0,-114.375,2023,230,97.22
34.5,-119.375,2023,230,92.86
34.5,-118.75,2023,230,92.45
34.5,-118.125,2023,230,92.27
34.5,-117.5,2023,230,89.82
34.5,-116.875,2023,230,88.85
34.5,-116.25,2023,230,91.92
34.5,-115.625,2023,230,94.95
34.5,-115.0,2023,230,94.47
34.5,-114.375,2023,230,95.45
35.0,-119.375,2023,230,92.21
35.0,-118.75,2023,230,91.02
35.0,-118.125,2023,230,90.16
35.0,-117.5,2023,230,91.35
35.0,-116.875,2023,230,91.54
35.0,-116.25,2023,230,93.89
35.0,-115.625,2023,230,89.9
35.0,-115.0,2023,230,91.3
35.0,-114.375,2023,230,93.08
35.5,-119.375,2023,230,98.79
35.5,-118.75,2023,230,92.65
35.5,-118.125,2023,230,87.52
35.5,-117.5,2023,230,91.21
35.5,-116.875,2023,230,91.76
35.5,-116.25,2023,230,93.08
35.5,-115.625,2023,230,88.72
35.5,-115.0,2023,230,89.47
35.5,-114.375,2023,230,91.52
36.0,-119.375,2023,230,99.58
36.0,-118.75,2023,230,89.07
36.0,-118.125,2023,230,81.11
36.0,-117.5,2023,230,87.81
36.0,-116.875,2023,230,92.14
36.0,-116.25,2023,230,92.29
36.0,-115.625,2023,230,87.72
36.0,-115.0,2023,230,92.74
36.0,-114.375,2023,230,92.67
36.5,-119.375,2023,230,97.92
36.5,-118.75,2023,230,82.66
36.5,-118.125,2023,230,78.09
36.5,-117.5,2023,230,88.19
36.5,-116.875,2023,230,91.41
36.5,-116.25,2023,230,89.98
36.5,-115.625,2023,230,85.21
36.5,-115.0,2023,230,89.11
36.5,-114.375,2023,230,92.57
37.0,-119.375,2023,230,89.74
37.0,-118.75,2023,230,75.51
37.0,-118.125,2023,230,79.57
37.0,-117.5,2023,230,86.28
37.0,-116.875,2023,230,86.62
37.0,-116.25,2023,230,85.9
37.0,-115.625,2023,230,86.23
37.0,-115.0,2023,230,87.46
37.0,-114.375,2023,230,89.82
37.5,-119.375,2023,230,79.23
37.5,-118.75,2023,230,74.59
37.5,-118.125,2023,230,80.37
37.5,-117.5,2023,230,83.09
37.5,-116.875,2023,230,83.45
37.5,-116.25,2023,230,82.68
37.5,-115.625,2023,230,83.56
37.5,-115.0,2023,230,85.09
37.5,-114.375,2023,230,83.64
38.0,-119.375,2023,230,75.21
38.0,-118.75,2023,230,77.89
38.0,-118.125,2023,230,81.09
38.0,-117.5,2023,230,82.73
38.0,-116.875,2023,230,82.01
38.0,-116.25,2023,230,82.31
38.0,-115.625,2023,230,81.72
38.0,-115.0,2023,230,83.47
38.0,-114.375,2023,230,81.92
38.5,-119.375,2023,230,78.01
38.5,-118.75,2023,230,81.46
38.5,-118.125,2023,230,82.23
38.5,-117.5,2023,230,81.09
38.5,-116.875,2023,230,79.34
38.5,-116.25,2023,230,80.66
38.5,-115.625,2023,230,82.35
38.5,-115.0,2023,230,81.55
38.5,-114.375,2023,230,80.29
39.0,-119.375,2023,230,83.28
39.0,-118.75,2023,230,85.09
39.0,-118.125,2023,230,83.25
39.0,-117.5,2023,230,79.86
39.0,-116.875,2023,230,78.09
39.0,-116.25,2023,230,78.46
39.0,-115.625,2023,230,79.74
39.0,-115.0,2023,230,79.74
39.0,-114.375,2023,230,79.64
39.5,-119.375,2023,230,84.45
39.5,-118.75,2023,230,87.21
39.5,-118.125,2023,230,84.61
39.5,-117.5,2023,230,80.96
39.5,-116.875,2023,230,79.85
39.5,-116.25,2023,230,79.91
39.5,-115.625,2023,230,80.04
39.5,-115.0,2023,230,79.32
39.5,-114.375,2023,230,79.73
40.0,-119.375,2023,230,85.04
40.0,-118.75,2023,230,86.57
40.0,-118.125,2023,230,86.29
40.0,-117.5,2023,230,84.42
40.0,-116.875,2023,230,81.76
40.0,-116.25,2023,230,81.08
40.0,-115.625,2023,230,80.04
40.0,-115.0,2023,230,79.53
40.0,-114.375,2023,230,80.85
40.5,-119.375,2023,230,85.69
40.5,-118.75,2023,230,85.21
40.5,-118.125,2023,230,84.78
40.5,-117.5,2023,230,83.82
40.5,-116.875,2023,230,83.76
40.5,-116.25,2023,230,82.46
40.5,-115.625,2023,230,80.88
40.5,-115.0,2023,230,80.48
40.5,-114.375,2023,230,82.45
41.0,-119.375,2023,230,84.07
41.0,-118.75,2023,230,86.02
41.0,-118.125,2023,230,85.57
41.0,-117.5,2023,230,84.81
41.0,-116.875,2023,230,84.17
41.0,-116.25,2023,230,81.7
41.0,-115.625,2023,230,81.65
41.0,-115.0,2023,230,80.95
41.0,-114.375,2023,230,82.53
41.5,-119.375,2023,230,82.22
41.5,-118.75,2023,230,84.02
41.5,-118.125,2023,230,85.14
41.5,-117.5,2023,230,84.0
41.5,-116.875,2023,230,82.92
41.5,-116.25,2023,230,80.76
41.5,-115.625,2023,230,79.97
41.5,-115.0,2023,230,80.86
41.5,-114.375,2023,230,81.97
42.0,-119.375,2023,230,82.35
42.0,-118.75,2023,230,84.34
42.0,-118.125,2023,230,82.92
42.0,-117.5,2023,230,83.23
42.0,-116.875,2023,230,83.33
42.0,-116.25,2023,230,82.5
42.0,-115.625,2023,230,81.67
42.0,-115.0,2023,230,81.44
42.0,-114.375,2023,230,82.3
32.5,-119.375,2023,231,101.05
32.5,-118.75,2023,231,101.05
32.5,-118.125,2023,231,101.0
32.5,-117.5,2023,231,100.8
32.5,-116.875,2023,231,96.57
32.5,-116.25,2023,231,91.68
32.5,-115.625,2023,231,98.92
32.5,-115.0,2023,231,100.22
32.5,-114.375,2023,231,99.18
33.0,-119.375,2023,231,100.99
33.0,-118.75,2023,231,101.02
33.0,-118.125,2023,231,100.83
33.0,-117.5,2023,231,100.11
33.0,-116.875,2023,231,94.46
33.0,-116.25,2023,231,95.44
33.0,-115.625,2023,231,100.18
33.0,-115.0,2023,231,98.84
33.0,-114.375,2023,231,98.42
33.5,-119.375,2023,231,101.04
33.5,-118.75,2023,231,101.02
33.5,-118.125,2023,231,100.44
33.5,-117.5,2023,231,98.19
33.5,-116.875,2023,231,91.6
33.5,-116.25,2023,231,94.9
33.5,-115.625,2023,231,96.55
33.5,-115.0,2023,231,97.43
33.5,-114.375,2023,231,97.32
34.0,-119.375,2023,231,100.79
34.0,-118.75,2023,231,98.9
34.0,-118.125,2023,231,96.54
34.0,-117.5,2023,231,93.99
34.0,-116.875,2023,231,90.18
34.0,-116.25,2023,231,90.81
34.0,-115.625,2023,231,94.81
34.0,-115.0,2023,231,96.88
34.0,-114.375,2023,231,97.35
34.5,-119.375,2023,231,92.79
34.5,-118.75,2023,231,92.39
34.5,-118.125,2023,231,92.21
34.5,-117.5,2023,231,89.77
34.5,-116.875,2023,231,88.83
34.5,-116.25,2023,231,92.0
34.5,-115.625,2023,231,95.06
34.5,-115.0,2023,231,94.6
34.5,-114.375,2023,231,95.58
35.0,-119.375,2023,231,92.15
35.0,-118.75,2023,231,90.98
35.0,-118.125,2023,231,90.12
35.0,-117.5,2023,231,91.33
35.0,-116.875,2023,231,91.58
35.0,-116.25,2023,231,93.98
35.0,-115.625,2023,231,89.96
35.0,-115.0,2023,231,91.41
35.0,-114.375,2023,231,93.19
35.5,-119.375,2023,231,98.7
35.5,-118.75,2023,231,92.55
35.5,-118.125,2023,231,87.53
35.5,-117.5,2023,231,91.26
35.5,-116.875,2023,231,91.86
35.5,-116.25,2023,231,93.21
35.5,-115.625,2023,231,88.81
35.5,-115.0,2023,231,89.61
35.5,-114.375,2023,231,91.65
36.0,-119.375,2023,231,99.46
36.0,-118.75,2023,231,88.98
36.0,-118.125,2023,231,81.13
36.0,-117.5,2023,231,87.91
36.0,-116.875,2023,231,92.31
36.0,-116.25,2023,231,92.45
36.0,-115.625,2023,231,87.84
36.0,-115.0,2023,231,92.97
36.0,-114.375,2023,231,92.85
36.5,-119.375,2023,231,97.82
36.5,-118.75,2023,231,82.6
36.5,-118.125,2023,231,78.1
36.5,-117.5,2023,231,88.37
36.5,-116.875,2023,231,91.63
36.5,-116.25,2023,231,90.15
36.5,-115.625,2023,231,85.31
36.5,-115.0,2023,231,89.27
36.5,-114.375,2023,231,92.79
37.0,-119.375,2023,231,89.67
37.0,-118.75,2023,231,75.45
37.0,-118.125,2023,231,79.62
37.0,-117.5,2023,231,86.47
37.0,-116.875,2023,231,86.79
37.0,-116.25,2023,231,86.03
37.0,-115.625,2023,231,86.37
37.0,-115.0,2023,231,87.57
37.0,-114.375,2023,231,89.96
37.5,-119.375,2023,231,79.17
37.5,-118.75,2023,231,74.53
37.5,-118.125,2023,231,80.45
37.5,-117.5,2023,231,83.24
37.5,-116.875,2023,231,83.58
37.5,-116.25,2023,231,82.77
37.5,-115.625,2023,231,83.66
37.5,-115.0,2023,231,85.18
37.5,-114.375,2023,231,83.68
38.0,-119.375,2023,231,75.15
38.0,-118.75,2023,231,77.86
38.0,-118.125,2023,231,81.13
38.0,-117.5,2023,231,82.87
38.0,-116.875,2023,231,82.12
38.0,-116.25,2023,231,82.41
38.0,-115.625,2023,231,81.8
38.0,-115.0,2023,231,83.54
38.0,-114.375,2023,231,81.96
38.5,-119.375,2023,231,77.94
38.5,-118.75,2023,231,81.4
38.5,-118.125,2023,231,82.24
38.5,-117.5,2023,231,81.18
38.5,-116.875,2023,231,79.41
38.5,-116.25,2023,231,80.74
38.5,-115.625,2023,231,82.46
38.5,-115.0,2023,231,81.6
38.5,-114.375,2023,231,80.31
39.0,-119.375,2023,231,83.19
39.0,-118.75,2023,231,85.0
39.0,-118.125,2023,231,83.23
39.0,-117.5,2023,231,79.91
39.0,-116.875,2023,231,78.14
39.0,-116.25,2023,231,78.5
39.0,-115.625,2023,231,79.81
39.0,-115.0,2023,231,79.78
39.0,-114.375,2023,231,79.66
39.5,-119.375,2023,231,84.39
39.5,-118.75,2023,231,87.13
39.5,-118.125,2023,231,84.57
39.5,-117.5,2023,231,80.97
39.5,-116.875,2023,231,79.88
39.5,-116.25,2023,231,79.95
39.5,-115.625,2023,231,80.12
39.5,-115.0,2023,231,79.36
39.5,-114.375,2023,231,79.76
40.0,-119.375,2023,231,84.97
40.0,-118.75,2023,231,86.49
40.0,-118.125,2023,231,86.24
40.0,-117.5,2023,231,84.39
40.0,-116.875,2023,231,81.76
40.0,-116.25,2023,231,81.1
40.0,-115.625,2023,231,80.08
40.0,-115.0,2023,231,79.59
40.0,-114.375,2023,231,80.9
40.5,-119.375,2023,231,85.6
40.5,-118.75,2023,231,85.12
40.5,-118.125,2023,231,84.71
40.5,-117.5,2023,231,83.78
40.5,-116.875,2023,231,83.74
40.5,-116.25,2023,231,82.47
40.5,-115.625,2023,231,80.91
40.5,-115.0,2023,231,80.51
40.5,-114.375,2023,231,82.48
41.0,-119.375,2023,231,84.01
41.0,-118.75,2023,231,85.93
41.0,-118.125,2023,231,85.5
41.0,-117.5,2023,231,84.76
41.0,-116.875,2023,231,84.14
41.0,-116.25,2023,231,81.69
41.0,-115.625,2023,231,81.65
41.0,-115.0,2023,231,80.95
41.0,-114.375,2023,231,82.52
41.5,-119.375,2023,231,82.17
41.5,-118.75,2023,231,83.96
41.5,-118.125,2023,231,85.08
41.5,-117.5,2023,231,83.96
41.5,-116.875,2023,231,82.91
41.5,-116.25,2023,231,80.75
41.5,-115.625,2023,231,79.96
41.5,-115.0,2023,231,80.85
41.5,-114.375,2023,231,81.95
42.0,-119.375,2023,231,82.31
42.0,-118.75,2023,231,84.31
42.0,-118.125,2023,231,82.88
42.0,-117.5,2023,231,83.22
42.0,-116.875,2023,231,83.34
42.0,-116.25,2023,231,82.49
42.0,-115.625,2023,231,81.67
42.0,-115.0,2023,231,81.45
42.0,-114.375,2023,231,82.32
32.5,-119.375,2023,232,100.53
32.5,-118.75,2023,232,100.46
32.5,-118.125,2023,232,100.36
32.5,-117.5,2023,232,100.09
32.5,-116.875,2023,232,95.91
32.5,-116.25,2023,232,91.21
32.5,-115.625,2023,232,98.66
32.5,-115.0,2023,232,100.05
32.5,-114.375,2023,232,98.97
33.0,-119.375,2023,232,100.49
33.0,-118.75,2023,232,100.48
33.0,-118.125,2023,232,100.23
33.0,-117.5,2023,232,99.47
33.0,-116.875,2023,232,93.93
33.0,-116.25,2023,232,95.15
33.0,-115.625,2023,232,100.01
33.0,-115.0,2023,232,98.68
33.0,-114.375,2023,232,98.24
33.5,-119.375,2023,232,100.56
33.5,-118.75,2023,232,100.52
33.5,-118.125,2023,232,99.88
33.5,-117.5,2023,232,97.64
33.5,-116.875,2023,232,91.19
33.5,-116.25,2023,232,94.64
33.5,-115.625,2023,232,96.39
33.5,-115.0,2023,232,97.28
33.5,-114.375,2023,232,97.17
34.0,-119.375,2023,232,100.38
34.0,-118.75,2023,232,98.46
34.0,-118.125,2023,232,96.1
34.0,-117.5,2023,232,93.58
34.0,-116.875,2023,232,89.8
34.0,-116.25,2023,232,90.57
34.0,-115.625,2023,232,94.64
34.0,-115.0,2023,232,96.75
34.0,-114.375,2023,232,97.22
34.5,-119.375,2023,232,92.46
34.5,-118.75,2023,232,92.11
34.5,-118.125,2023,232,91.92
34.5,-117.5,2023,232,89.49
34.5,-116.875,2023,232,88.57
34.5,-116.25,2023,232,91.81
34.5,-115.625,2023,232,94.87
34.5,-115.0,2023,232,94.47
34.5,-114.375,2023,232,95.44
35.0,-119.375,2023,232,92.02
35.0,-118.75,2023,232,90.78
35.0,-118.125,2023,232,89.9
35.0,-117.5,2023,232,91.13
35.0,-116.875,2023,232,91.4
35.0,-116.25,2023,232,93.82
35.0,-115.625,2023,232,89.77
35.0,-115.0,2023,232,91.25
35.0,-114.375,2023,232,93.05
35.5,-119.375,2023,232,98.65
35.5,-118.75,2023,232,92.46
35.5,-118.125,2023,232,87.3
35.5,-117.5,2023,232,91.1
35.5,-116.875,2023,232,91.71
35.5,-116.25,2023,232,93.06
35.5,-115.625,2023,232,88.6
35.5,-115.0,2023,232,89.44
35.5,-114.375,2023,232,91.51
36.0,-119.375,2023,232,99.43
36.0,-118.75,2023,232,88.83
36.0,-118.125,2023,232,80.81
36.0,-117.5,2023,232,87.71
36.0,-116.875,2023,232,92.18
36.0,-116.25,2023,232,92.3
36.0,-115.625,2023,232,87.67
36.0,-115.0,2023,232,92.82
36.0,-114.375,2023,232,92.75
36.5,-119.375,2023,232,97.8
36.5,-118.75,2023,232,82.38
36.5,-118.125,2023,232,77.78
36.5,-117.5,2023,232,88.18
36.5,-116.875,2023,232,91.49
36.5,-116.25,2023,232,89.99
36.5,-115.625,2023,232,85.13
36.5,-115.0,2023,232,89.19
36.5,-114.375,2023,232,92.71
37.0,-119.375,2023,232,89.54
37.0,-118.75,2023,232,75.16
37.0,-118.125,2023,232,79.32
37.0,-117.5,2023,232,86.26
37.0,-116.875,2023,232,86.6
37.0,-116.25,2023,232,85.85
37.0,-115.625,2023,232,86.21
37.0,-115.0,2023,232,87.44
37.0,-114.375,2023,232,89.88
37.5,-119.375,2023,232,78.94
37.5,-118.75,2023,232,74.27
37.5,-118.125,2023,232,80.17
37.5,-117.5,2023,232,82.99
37.5,-116.875,2023,232,83.35
37.5,-116.25,2023,232,82.56
37.5,-115.625,2023,232,83.53
37.5,-115.0,2023,232,85.07
37.5,-114.375,2023,232,83.58
38.0,-119.375,2023,232,74.91
38.0,-118.75,2023,232,77.66
38.0,-118.125,2023,232,80.91
38.0,-117.5,2023,232,82.65
38.0,-116.875,2023,232,81.93
38.0,-116.25,2023,232,82.24
38.0,-115.625,2023,232,81.67
38.0,-115.0,2023,232,83.43
38.0,-114.375,2023,232,81.86
38.5,-119.375,2023,232,77.78
38.5,-118.75,2023,232,81.29
38.5,-118.125,2023,232,82.07
38.5,-117.5,2023,232,80.97
38.5,-116.875,2023,232,79.2
38.5,-116.25,2023,232,80.6
38.5,-115.625,2023,232,82.33
38.5,-115.0,2023,232,81.51
38.5,-114.375,2023,232,80.24
39.0,-119.375,2023,232,83.12
39.0,-118.75,2023,232,84.97
39.0,-118.125,2023,232,83.11
39.0,-117.5,2023,232,79.71
39.0,-116.875,2023,232,77.94
39.0,-116.25,2023,232,78.36
39.0,-115.625,2023,232,79.73
39.0,-115.0,2023,232,79.7
39.0,-114.375,2023,232,79.61
39.5,-119.375,2023,232,84.33
39.5,-118.75,2023,232,87.12
39.5,-118.125,2023,232,84.49
39.5,-117.5,2023,232,80.85
39.5,-116.875,2023,232,79.76
39.5,-116.25,2023,232,79.85
39.5,-115.625,2023,232,80.01
39.5,-115.0,2023,232,79.3
39.5,-114.375,2023,232,79.72
40.0,-119.375,2023,232,84.93
40.0,-118.75,2023,232,86.49
40.0,-118.125,2023,232,86.22
40.0,-117.5,2023,232,84.35
40.0,-116.875,2023,232,81.7
40.0,-116.25,2023,232,81.06
40.0,-115.625,2023,232,80.05
40.0,-115.0,2023,232,79.56
40.0,-114.375,2023,232,80.93
40.5,-119.375,2023,232,85.59
40.5,-118.75,2023,232,85.12
40.5,-118.125,2023,232,84.69
40.5,-117.5,2023,232,83.78
40.5,-116.875,2023,232,83.75
40.5,-116.25,2023,232,82.47
40.5,-115.625,2023,232,80.9
40.5,-115.0,2023,232,80.52
40.5,-114.375,2023,232,82.57
41.0,-119.375,2023,232,84.01
41.0,-118.75,2023,232,85.94
41.0,-118.125,2023,232,85.53
41.0,-117.5,2023,232,84.79
41.0,-116.875,2023,232,84.16
41.0,-116.25,2023,232,81.71
41.0,-115.625,2023,232,81.69
41.0,-115.0,2023,232,81.01
41.0,-114.375,2023,232,82.65
41.5,-119.375,2023,232,82.15
41.5,-118.75,2023,232,83.99
41.5,-118.125,2023,232,85.11
41.5,-117.5,2023,232,83.99
41.5,-116.875,2023,232,82.93
41.5,-116.25,2023,232,80.76
41.5,-115.625,2023,232,79.98
41.5,-115.0,2023,232,80.92
41.5,-114.375,2023,232,82.07
42.0,-119.375,2023,232,82.3
42.0,-118.75,2023,232,84.31
42.0,-118.125,2023,232,82.9
42.0,-117.5,2023,232,83.24
42.0,-116.875,2023,232,83.38
42.0,-116.25,2023,232,82.54
42.0,-115.625,2023,232,81.71
42.0,-115.0,2023,232,81.5
42.0,-114.375,2023,232,82.41
32.5,-119.375,2023,233,101.12
32.5,-118.75,2023,233,101.14
32.5,-118.125,2023,233,101.14
32.5,-117.5,2023,233,100.97
32.5,-116.875,2023,233,96.77
32.5,-116.25,2023,233,91.8
32.5,-115.625,2023,233,99.32
32.5,-115.0,2023,233,100.72
32.5,-114.375,2023,233,99.6
33.0,-119.375,2023,233,101.04
33.0,-118.75,2023,233,101.06
33.0,-118.125,2023,233,100.93
33.0,-117.5,2023,233,100.25
33.0,-116.875,2023,233,94.63
33.0,-116.25,2023,233,95.68
33.0,-115.625,2023,233,100.68
33.0,-115.0,2023,233,99.26
33.0,-114.375,2023,233,98.83
33.5,-119.375,2023,233,101.04
33.5,-118.75,2023,233,101.01
33.5,-118.125,2023,233,100.5
33.5,-117.5,2023,233,98.28
33.5,-116.875,2023,233,91.67
33.5,-116.25,2023,233,95.13
33.5,-115.625,2023,233,96.92
33.5,-115.0,2023,233,97.79
33.5,-114.375,2023,233,97.71
34.0,-119.375,2023,233,100.85
34.0,-118.75,2023,233,98.86
34.0,-118.125,2023,233,96.54
34.0,-117.5,2023,233,94.02
34.0,-116.875,2023,233,90.17
34.0,-116.25,2023,233,90.88
34.0,-115.625,2023,233,95.05
34.0,-115.0,2023,233,97.23
34.0,-114.375,2023,233,97.73
34.5,-119.375,2023,233,92.73
34.5,-118.75,2023,233,92.29
34.5,-118.125,2023,233,92.15
34.5,-117.5,2023,233,89.68
34.5,-116.875,2023,233,88.75
34.5,-116.25,2023,233,92.03
34.5,-115.625,2023,233,95.26
34.5,-115.0,2023,233,94.87
34.5,-114.375,2023,233,95.9
35.0,-119.375,2023,233,92.2
35.0,-118.75,2023,233,90.89
35.0,-118.125,2023,233,90.01
35.0,-117.5,2023,233,91.27
35.0,-116.875,2023,233,91.55
35.0,-116.25,2023,233,94.06
35.0,-115.625,2023,233,90.03
35.0,-115.0,2023,233,91.54
35.0,-114.375,2023,233,93.41
35.5,-119.375,2023,233,98.84
35.5,-118.75,2023,233,92.55
35.5,-118.125,2023,233,87.31
35.5,-117.5,2023,233,91.16
35.5,-116.875,2023,233,91.8
35.5,-116.25,2023,233,93.23
35.5,-115.625,2023,233,88.75
35.5,-115.0,2023,233,89.61
35.5,-114.375,2023,233,91.78
36.0,-119.375,2023,233,99.6
36.0,-118.75,2023,233,88.85
36.0,-118.125,2023,233,80.72
36.0,-117.5,2023,233,87.67
36.0,-116.875,2023,233,92.22
36.0,-116.25,2023,233,92.42
36.0,-115.625,2023,233,87.76
36.0,-115.0,2023,233,92.94
36.0,-114.375,2023,233,92.95
36.5,-119.375,2023,233,97.9
36.5,-118.75,2023,233,82.29
36.5,-118.125,2023,233,77.63
36.5,-117.5,2023,233,88.06
36.5,-116.875,2023,233,91.47
36.5,-116.25,2023,233,90.05
36.5,-115.625,2023,233,85.17
36.5,-115.0,2023,233,89.32
36.5,-114.375,2023,233,92.88
37.0,-119.375,2023,233,89.5
37.0,-118.75,2023,233,75.0
37.0,-118.125,2023,233,79.15
37.0,-117.5,2023,233,86.15
37.0,-116.875,2023,233,86.56
37.0,-116.25,2023,233,85.86
37.0,-115.625,2023,233,86.22
37.0,-115.0,2023,233,87.52
37.0,-114.375,2023,233,90.04
37.5,-119.375,2023,233,78.79
37.5,-118.75,2023,233,74.03
37.5,-118.125,2023,233,79.99
37.5,-117.5,2023,233,82.85
37.5,-116.875,2023,233,83.26
37.5,-116.25,2023,233,82.51
37.5,-115.625,2023,233,83.52
37.5,-115.0,2023,233,85.12
37.5,-114.375,2023,233,83.71
38.0,-119.375,2023,233,74.7
38.0,-118.75,2023,233,77.4
38.0,-118.125,2023,233,80.7
38.0,-117.5,2023,233,82.5
38.0,-116.875,2023,233,81.82
38.0,-116.25,2023,233,82.16
38.0,-115.625,2023,233,81.64
38.0,-115.0,2023,233,83.44
38.0,-114.375,2023,233,81.9
38.5,-119.375,2023,233,77.49
38.5,-118.75,2023,233,80.99
38.5,-118.125,2023,233,81.85
38.5,-117.5,2023,233,80.81
38.5,-116.875,2023,233,79.08
38.5,-116.25,2023,233,80.52
38.5,-115.625,2023,233,82.27
38.5,-115.0,2023,233,81.5
38.5,-114.375,2023,233,80.27
39.0,-119.375,2023,233,82.84
39.0,-118.75,2023,233,84.65
39.0,-118.125,2023,233,82.88
39.0,-117.5,2023,233,79.52
39.0,-116.875,2023,233,77.78
39.0,-116.25,2023,233,78.24
39.0,-115.625,2023,233,79.68
39.0,-115.0,2023,233,79.66
39.0,-114.375,2023,233,79.61
39.5,-119.375,2023,233,84.06
39.5,-118.75,2023,233,86.83
39.5,-118.125,2023,233,84.26
39.5,-117.5,2023,233,80.62
39.5,-116.875,2023,233,79.56
39.5,-116.25,2023,233,79.69
39.5,-115.625,2023,233,79.88
39.5,-115.0,2023,233,79.23
39.5,-114.375,2023,233,79.69
40.0,-119.375,2023,233,84.68
40.0,-118.75,2023,233,86.23
40.0,-118.125,2023,233,85.98
40.0,-117.5,2023,233,84.11
40.0,-116.875,2023,233,81.47
40.0,-116.25,2023,233,80.87
40.0,-115.625,2023,233,79.92
40.0,-115.0,2023,233,79.47
40.0,-114.375,2023,233,80.86
40.5,-119.375,2023,233,85.36
40.5,-118.75,2023,233,84.89
40.5,-118.125,2023,233,84.46
40.5,-117.5,2023,233,83.55
40.5,-116.875,2023,233,83.52
40.5,-116.25,2023,233,82.25
40.5,-115.625,2023,233,80.74
40.5,-115.0,2023,233,80.41
40.5,-114.375,2023,233,82.5
41.0,-119.375,2023,233,83.79
41.0,-118.75,2023,233,85.72
41.0,-118.125,2023,233,85.29
41.0,-117.5,2023,233,84.54
41.0,-116.875,2023,233,83.92
41.0,-116.25,2023,233,81.5
41.0,-115.625,2023,233,81.51
41.0,-115.0,2023,233,80.89
41.0,-114.375,2023,233,82.59
41.5,-119.375,2023,233,81.9
41.5,-118.75,2023,233,83.75
41.5,-118.125,2023,233,84.88
41.5,-117.5,2023,233,83.74
41.5,-116.875,2023,233,82.69
41.5,-116.25,2023,233,80.53
41.5,-115.625,2023,233,79.81
41.5,-115.0,2023,233,80.8
41.5,-114.375,2023,233,81.98
42.0,-119.375,2023,233,82.06
42.0,-118.75,2023,233,84.08
42.0,-118.125,2023,233,82.67
42.0,-117.5,2023,233,82.99
42.0,-116.875,2023,233,83.12
42.0,-116.25,2023,233,82.3
42.0,-115.625,2023,233,81.46
42.0,-115.0,2023,233,81.33
42.0,-114.375,2023,233,82.29
32.5,-119.375,2023,234,101.47
32.5,-118.75,2023,234,101.46
32.5,-118.125,2023,234,101.42
32.5,-117.5,2023,234,101.21
32.5,-116.875,2023,234,96.93
32.5,-116.25,2023,234,91.97
32.5,-115.625,2023,234,99.37
32.5,-115.0,2023,234,100.67
32.5,-114.375,2023,234,99.54
33.0,-119.375,2023,234,101.43
33.0,-118.75,2023,234,101.43
33.0,-118.125,2023,234,101.25
33.0,-117.5,2023,234,100.51
33.0,-116.875,2023,234,94.8
33.0,-116.25,2023,234,95.82
33.0,-115.625,2023,234,100.65
33.0,-115.0,2023,234,99.23
33.0,-114.375,2023,234,98.75
33.5,-119.375,2023,234,101.47
33.5,-118.75,2023,234,101.44
33.5,-118.125,2023,234,100.87
33.5,-117.5,2023,234,98.57
33.5,-116.875,2023,234,91.9
33.5,-116.25,2023,234,95.27
33.5,-115.625,2023,234,96.91
33.5,-115.0,2023,234,97.77
33.5,-114.375,2023,234,97.62
34.0,-119.375,2023,234,101.28
34.0,-118.75,2023,234,99.32
34.0,-118.125,2023,234,96.93
34.0,-117.5,2023,234,94.33
34.0,-116.875,2023,234,90.47
34.0,-116.25,2023,234,91.1
34.0,-115.625,2023,234,95.12
34.0,-115.0,2023,234,97.19
34.0,-114.375,2023,234,97.64
34.5,-119.375,2023,234,93.12
34.5,-118.75,2023,234,92.75
34.5,-118.125,2023,234,92.57
34.5,-117.5,2023,234,90.08
34.5,-116.875,2023,234,89.1
34.5,-116.25,2023,234,92.29
34.5,-115.625,2023,234,95.35
34.5,-115.0,2023,234,94.85
34.5,-114.375,2023,234,95.82
35.0,-119.375,2023,234,92.63
35.0,-118.75,2023,234,91.35
35.0,-118.125,2023,234,90.44
35.0,-117.5,2023,234,91.67
35.0,-116.875,2023,234,91.9
35.0,-116.25,2023,234,94.31
35.0,-115.625,2023,234,90.16
35.0,-115.0,2023,234,91.6
35.0,-114.375,2023,234,93.39
35.5,-119.375,2023,234,99.32
35.5,-118.75,2023,234,93.05
35.5,-118.125,2023,234,87.78
35.5,-117.5,2023,234,91.58
35.5,-116.875,2023,234,92.15
35.5,-116.25,2023,234,93.49
35.5,-115.625,2023,234,88.99
35.5,-115.0,2023,234,89.75
35.5,-114.375,2023,234,91.81
36.0,-119.375,2023,234,100.1
36.0,-118.75,2023,234,89.36
36.0,-118.125,2023,234,81.25
36.0,-117.5,2023,234,88.14
36.0,-116.875,2023,234,92.59
36.0,-116.25,2023,234,92.7
36.0,-115.625,2023,234,87.99
36.0,-115.0,2023,234,93.1
36.0,-114.375,2023,234,93.01
36.5,-119.375,2023,234,98.42
36.5,-118.75,2023,234,82.84
36.5,-118.125,2023,234,78.19
36.5,-117.5,2023,234,88.59
36.5,-116.875,2023,234,91.88
36.5,-116.25,2023,234,90.35
36.5,-115.625,2023,234,85.45
36.5,-115.0,2023,234,89.44
36.5,-114.375,2023,234,92.95
37.0,-119.375,2023,234,90.08
37.0,-118.75,2023,234,75.54
37.0,-118.125,2023,234,79.71
37.0,-117.5,2023,234,86.64
37.0,-116.875,2023,234,86.97
37.0,-116.25,2023,234,86.19
37.0,-115.625,2023,234,86.51
37.0,-115.0,2023,234,87.72
37.0,-114.375,2023,234,90.14
37.5,-119.375,2023,234,79.34
37.5,-118.75,2023,234,74.59
37.5,-118.125,2023,234,80.54
37.5,-117.5,2023,234,83.39
37.5,-116.875,2023,234,83.72
37.5,-116.25,2023,234,82.89
37.5,-115.625,2023,234,83.81
37.5,-115.0,2023,234,85.33
37.5,-114.375,2023,234,83.85
38.0,-119.375,2023,234,75.25
38.0,-118.75,2023,234,77.96
38.0,-118.125,2023,234,81.26
38.0,-117.5,2023,234,83.02
38.0,-116.875,2023,234,82.26
38.0,-116.25,2023,234,82.55
38.0,-115.625,2023,234,81.95
38.0,-115.0,2023,234,83.68
38.0,-114.375,2023,234,82.11
38.5,-119.375,2023,234,78.07
38.5,-118.75,2023,234,81.57
38.5,-118.125,2023,234,82.41
38.5,-117.5,2023,234,81.32
38.5,-116.875,2023,234,79.53
38.5,-116.25,2023,234,80.88
38.5,-115.625,2023,234,82.62
38.5,-115.0,2023,234,81.76
38.5,-114.375,2023,234,80.49
39.0,-119.375,2023,234,83.44
39.0,-118.75,2023,234,85.3
39.0,-118.125,2023,234,83.45
39.0,-117.5,2023,234,80.04
39.0,-116.875,2023,234,78.24
39.0,-116.25,2023,234,78.64
39.0,-115.625,2023,234,79.99
39.0,-115.0,2023,234,79.95
39.0,-114.375,2023,234,79.85
39.5,-119.375,2023,234,84.65
39.5,-118.75,2023,234,87.48
39.5,-118.125,2023,234,84.84
39.5,-117.5,2023,234,81.14
39.5,-116.875,2023,234,80.03
39.5,-116.25,2023,234,80.12
39.5,-115.625,2023,234,80.28
39.5,-115.0,2023,234,79.55
39.5,-114.375,2023,234,79.97
40.0,-119.375,2023,234,85.26
40.0,-118.75,2023,234,86.82
40.0,-118.125,2023,234,86.56
40.0,-117.5,2023,234,84.65
40.0,-116.875,2023,234,81.96
40.0,-116.25,2023,234,81.3
40.0,-115.625,2023,234,80.29
40.0,-115.0,2023,234,79.8
40.0,-114.375,2023,234,81.15
40.5,-119.375,2023,234,85.94
40.5,-118.75,2023,234,85.45
40.5,-118.125,2023,234,85.01
40.5,-117.5,2023,234,84.04
40.5,-116.875,2023,234,83.98
40.5,-116.25,2023,234,82.68
40.5,-115.625,2023,234,81.12
40.5,-115.0,2023,234,80.75
40.5,-114.375,2023,234,82.8
41.0,-119.375,2023,234,84.3
41.0,-118.75,2023,234,86.3
41.0,-118.125,2023,234,85.84
41.0,-117.5,2023,234,85.05
41.0,-116.875,2023,234,84.39
41.0,-116.25,2023,234,81.9
41.0,-115.625,2023,234,81.88
41.0,-115.0,2023,234,81.21
41.0,-114.375,2023,234,82.87
41.5,-119.375,2023,234,82.4
41.5,-118.75,2023,234,84.25
41.5,-118.125,2023,234,85.4
41.5,-117.5,2023,234,84.23
41.5,-116.875,2023,234,83.13
41.5,-116.25,2023,234,80.93
41.5,-115.625,2023,234,80.16
41.5,-115.0,2023,234,81.11
41.5,-114.375,2023,234,82.28
42.0,-119.375,2023,234,82.52
42.0,-118.75,2023,234,84.59
42.0,-118.125,2023,234,83.14
42.0,-117.5,2023,234,83.46
42.0,-116.875,2023,234,83.56
42.0,-116.25,2023,234,82.71
42.0,-115.625,2023,234,81.86
42.0,-115.0,2023,234,81.68
42.0,-114.375,2023,234,82.6
32.5,-119.375,2023,235,101.34
32.5,-118.75,2023,235,101.32
32.5,-118.125,2023,235,101.25
32.5,-117.5,2023,235,101.02
32.5,-116.875,2023,235,96.76
32.5,-116.25,2023,235,91.85
32.5,-115.625,2023,235,99.12
32.5,-115.0,2023,235,100.37
32.5,-114.375,2023,235,99.26
33.0,-119.375,2023,235,101.27
33.0,-118.75,2023,235,101.26
33.0,-118.125,2023,235,101.07
33.0,-117.5,2023,235,100.32
33.0,-116.875,2023,235,94.64
33.0,-116.25,2023,235,95.62
33.0,-115.625,2023,235,100.36
33.0,-115.0,2023,235,98.95
33.0,-114.375,2023,235,98.47
33.5,-119.375,2023,235,101.28
33.5,-118.75,2023,235,101.24
33.5,-118.125,2023,235,100.67
33.5,-117.5,2023,235,98.4
33.5,-116.875,2023,235,91.78
33.5,-116.25,2023,235,95.08
33.5,-115.625,2023,235,96.68
33.5,-115.0,2023,235,97.52
33.5,-114.375,2023,235,97.36
34.0,-119.375,2023,235,101.04
34.0,-118.75,2023,235,99.11
34.0,-118.125,2023,235,96.75
34.0,-117.5,2023,235,94.17
34.0,-116.875,2023,235,90.36
34.0,-116.25,2023,235,90.96
34.0,-115.625,2023,235,94.93
34.0,-115.0,2023,235,96.96
34.0,-114.375,2023,235,97.39
34.5,-119.375,2023,235,92.99
34.5,-118.75,2023,235,92.62
34.5,-118.125,2023,235,92.43
34.5,-117.5,2023,235,89.97
34.5,-116.875,2023,235,89.0
34.5,-116.25,2023,235,92.15
34.5,-115.625,2023,235,95.17
34.5,-115.0,2023,235,94.65
34.5,-114.375,2023,235,95.6
35.0,-119.375,2023,235,92.49
35.0,-118.75,2023,235,91.22
35.0,-118.125,2023,235,90.33
35.0,-117.5,2023,235,91.56
35.0,-116.875,2023,235,91.78
35.0,-116.25,2023,235,94.13
35.0,-115.625,2023,235,90.04
35.0,-115.0,2023,235,91.44
35.0,-114.375,2023,235,93.21
35.5,-119.375,2023,235,99.08
35.5,-118.75,2023,235,92.9
35.5,-118.125,2023,235,87.73
35.5,-117.5,2023,235,91.48
35.5,-116.875,2023,235,92.04
35.5,-116.25,2023,235,93.33
35.5,-115.625,2023,235,88.87
35.5,-115.0,2023,235,89.61
35.5,-114.375,2023,235,91.66
36.0,-119.375,2023,235,99.85
36.0,-118.75,2023,235,89.27
36.0,-118.125,2023,235,81.27
36.0,-117.5,2023,235,88.08
36.0,-116.875,2023,235,92.47
36.0,-116.25,2023,235,92.56
36.0,-115.625,2023,235,87.9
36.0,-115.0,2023,235,92.96
36.0,-114.375,2023,235,92.85
36.5,-119.375,2023,235,98.22
36.5,-118.75,2023,235,82.83
36.5,-118.125,2023,235,78.25
36.5,-117.5,2023,235,88.56
36.5,-116.875,2023,235,91.79
36.5,-116.25,2023,235,90.26
36.5,-115.625,2023,235,85.39
36.5,-115.0,2023,235,89.31
36.5,-114.375,2023,235,92.78
37.0,-119.375,2023,235,89.99
37.0,-118.75,2023,235,75.61
37.0,-118.125,2023,235,79.77
37.0,-117.5,2023,235,86.62
37.0,-116.875,2023,235,86.91
37.0,-116.25,2023,235,86.15
37.0,-115.625,2023,235,86.45
37.0,-115.0,2023,235,87.63
37.0,-114.375,2023,235,90.0
37.5,-119.375,2023,235,79.37
37.5,-118.75,2023,235,74.69
37.5,-118.125,2023,235,80.61
37.5,-117.5,2023,235,83.42
37.5,-116.875,2023,235,83.74
37.5,-116.25,2023,235,82.9
37.5,-115.625,2023,235,83.77
37.5,-115.0,2023,235,85.27
37.5,-114.375,2023,235,83.78
38.0,-119.375,2023,235,75.32
38.0,-118.75,2023,235,78.03
38.0,-118.125,2023,235,81.33
38.0,-117.5,2023,235,83.06
38.0,-116.875,2023,235,82.27
38.0,-116.25,2023,235,82.55
38.0,-115.625,2023,235,81.94
38.0,-115.0,2023,235,83.65
38.0,-114.375,2023,235,82.08
38.5,-119.375,2023,235,78.16
38.5,-118.75,2023,235,81.63
38.5,-118.125,2023,235,82.49
38.5,-117.5,2023,235,81.37
38.5,-116.875,2023,235,79.58
38.5,-116.25,2023,235,80.9
38.5,-115.625,2023,235,82.62
38.5,-115.0,2023,235,81.74
38.5,-114.375,2023,235,80.47
39.0,-119.375,2023,235,83.49
39.0,-118.75,2023,235,85.31
39.0,-118.125,2023,235,83.52
39.0,-117.5,2023,235,80.11
39.0,-116.875,2023,235,78.32
39.0,-116.25,2023,235,78.69
39.0,-115.625,2023,235,79.99
39.0,-115.0,2023,235,79.95
39.0,-114.375,2023,235,79.85
39.5,-119.375,2023,235,84.7
39.5,-118.75,2023,235,87.51
39.5,-118.125,2023,235,84.89
39.5,-117.5,2023,235,81.22
39.5,-116.875,2023,235,80.11
39.5,-116.25,2023,235,80.17
39.5,-115.625,2023,235,80.31
39.5,-115.0,2023,235,79.56
39.5,-114.375,2023,235,79.97
40.0,-119.375,2023,235,85.32
40.0,-118.75,2023,235,86.89
40.0,-118.125,2023,235,86.62
40.0,-117.5,2023,235,84.75
40.0,-116.875,2023,235,82.06
40.0,-116.25,2023,235,81.36
40.0,-115.625,2023,235,80.32
40.0,-115.0,2023,235,79.8
40.0,-114.375,2023,235,81.15
40.5,-119.375,2023,235,86.01
40.5,-118.75,2023,235,85.53
40.5,-118.125,2023,235,85.11
40.5,-117.5,2023,235,84.14
40.5,-116.875,2023,235,84.09
40.5,-116.25,2023,235,82.78
40.5,-115.625,2023,235,81.18
40.5,-115.0,2023,235,80.78
40.5,-114.375,2023,235,82.79
41.0,-119.375,2023,235,84.4
41.0,-118.75,2023,235,86.4
41.0,-118.125,2023,235,85.94
41.0,-117.5,2023,235,85.18
41.0,-116.875,2023,235,84.52
41.0,-116.25,2023,235,82.01
41.0,-115.625,2023,235,81.97
41.0,-115.0,2023,235,81.26
41.0,-114.375,2023,235,82.88
41.5,-119.375,2023,235,82.54
41.5,-118.75,2023,235,84.38
41.5,-118.125,2023,235,85.53
41.5,-117.5,2023,235,84.37
41.5,-116.875,2023,235,83.27
41.5,-116.25,2023,235,81.06
41.5,-115.625,2023,235,80.27
41.5,-115.0,2023,235,81.17
41.5,-114.375,2023,235,82.32
42.0,-119.375,2023,235,82.68
42.0,-118.75,2023,235,84.74
42.0,-118.125,2023,235,83.29
42.0,-117.5,2023,235,83.62
42.0,-116.875,2023,235,83.72
42.0,-116.25,2023,235,82.87
42.0,-115.625,2023,235,82.01
42.0,-115.0,2023,235,81.79
42.0,-114.375,2023,235,82.68
32.5,-119.375,2023,236,101.39
32.5,-118.75,2023,236,101.37
32.5,-118.125,2023,236,101.31
32.5,-117.5,2023,236,101.08
32.5,-116.875,2023,236,96.83
32.5,-116.25,2023,236,91.87
32.5,-115.625,2023,236,99.07
32.5,-115.0,2023,236,100.34
32.5,-114.375,2023,236,99.24
33.0,-119.375,2023,236,101.32
33.0,-118.75,2023,236,101.32
33.0,-118.125,2023,236,101.13
33.0,-117.5,2023,236,100.39
33.0,-116.875,2023,236,94.69
33.0,-116.25,2023,236,95.6
33.0,-115.625,2023,236,100.32
33.0,-115.0,2023,236,98.93
33.0,-114.375,2023,236,98.47
33.5,-119.375,2023,236,101.35
33.5,-118.75,2023,236,101.31
33.5,-118.125,2023,236,100.73
33.5,-117.5,2023,236,98.47
33.5,-116.875,2023,236,91.81
33.5,-116.25,2023,236,95.02
33.5,-115.625,2023,236,96.63
33.5,-115.0,2023,236,97.47
33.5,-114.375,2023,236,97.34
34.0,-119.375,2023,236,101.1
34.0,-118.75,2023,236,99.17
34.0,-118.125,2023,236,96.8
34.0,-117.5,2023,236,94.22
34.0,-116.875,2023,236,90.38
34.0,-116.25,2023,236,90.94
34.0,-115.625,2023,236,94.88
34.0,-115.0,2023,236,96.9
34.0,-114.375,2023,236,97.36
34.5,-119.375,2023,236,93.01
34.5,-118.75,2023,236,92.63
34.5,-118.125,2023,236,92.45
34.5,-117.5,2023,236,89.97
34.5,-116.875,2023,236,88.99
34.5,-116.25,2023,236,92.1
34.5,-115.625,2023,236,95.13
34.5,-115.0,2023,236,94.61
34.5,-114.375,2023,236,95.6
35.0,-119.375,2023,236,92.44
35.0,-118.75,2023,236,91.22
35.0,-118.125,2023,236,90.33
35.0,-117.5,2023,236,91.53
35.0,-116.875,2023,236,91.74
35.0,-116.25,2023,236,94.1
35.0,-115.625,2023,236,90.03
35.0,-115.0,2023,236,91.43
35.0,-114.375,2023,236,93.22
35.5,-119.375,2023,236,99.01
35.5,-118.75,2023,236,92.85
35.5,-118.125,2023,236,87.69
35.5,-117.5,2023,236,91.43
35.5,-116.875,2023,236,91.97
35.5,-116.25,2023,236,93.29
35.5,-115.625,2023,236,88.87
35.5,-115.0,2023,236,89.6
35.5,-114.375,2023,236,91.65
36.0,-119.375,2023,236,99.78
36.0,-118.75,2023,236,89.24
36.0,-118.125,2023,236,81.27
36.0,-117.5,2023,236,88.03
36.0,-116.875,2023,236,92.4
36.0,-116.25,2023,236,92.52
36.0,-115.625,2023,236,87.87
36.0,-115.0,2023,236,92.94
36.0,-114.375,2023,236,92.83
36.5,-119.375,2023,236,98.12
36.5,-118.75,2023,236,82.82
36.5,-118.125,2023,236,78.26
36.5,-117.5,2023,236,88.49
36.5,-116.875,2023,236,91.7
36.5,-116.25,2023,236,90.21
36.5,-115.625,2023,236,85.37
36.5,-115.0,2023,236,89.27
36.5,-114.375,2023,236,92.74
37.0,-119.375,2023,236,89.93
37.0,-118.75,2023,236,75.65
37.0,-118.125,2023,236,79.77
37.0,-117.5,2023,236,86.56
37.0,-116.875,2023,236,86.86
37.0,-116.25,2023,236,86.1
37.0,-115.625,2023,236,86.43
37.0,-115.0,2023,236,87.6
37.0,-114.375,2023,236,89.95
37.5,-119.375,2023,236,79.38
37.5,-118.75,2023,236,74.71
37.5,-118.125,2023,236,80.59
37.5,-117.5,2023,236,83.38
37.5,-116.875,2023,236,83.7
37.5,-116.25,2023,236,82.88
37.5,-115.625,2023,236,83.74
37.5,-115.0,2023,236,85.23
37.5,-114.375,2023,236,83.75
38.0,-119.375,2023,236,75.34
38.0,-118.75,2023,236,78.02
38.0,-118.125,2023,236,81.29
38.0,-117.5,2023,236,83.0
38.0,-116.875,2023,236,82.24
38.0,-116.25,2023,236,82.53
38.0,-115.625,2023,236,81.91
38.0,-115.0,2023,236,83.62
38.0,-114.375,2023,236,82.06
38.5,-119.375,2023,236,78.14
38.5,-118.75,2023,236,81.55
38.5,-118.125,2023,236,82.41
38.5,-117.5,2023,236,81.33
38.5,-116.875,2023,236,79.56
38.5,-116.25,2023,236,80.88
38.5,-115.625,2023,236,82.59
38.5,-115.0,2023,236,81.71
38.5,-114.375,2023,236,80.43
39.0,-119.375,2023,236,83.4
39.0,-118.75,2023,236,85.18
39.0,-118.125,2023,236,83.43
39.0,-117.5,2023,236,80.08
39.0,-116.875,2023,236,78.31
39.0,-116.25,2023,236,78.69
39.0,-115.625,2023,236,79.96
39.0,-115.0,2023,236,79.92
39.0,-114.375,2023,236,79.82
39.5,-119.375,2023,236,84.58
39.5,-118.75,2023,236,87.36
39.5,-118.125,2023,236,84.78
39.5,-117.5,2023,236,81.17
39.5,-116.875,2023,236,80.08
39.5,-116.25,2023,236,80.15
39.5,-115.625,2023,236,80.3
39.5,-115.0,2023,236,79.54
39.5,-114.375,2023,236,79.95
40.0,-119.375,2023,236,85.2
40.0,-118.75,2023,236,86.76
40.0,-118.125,2023,236,86.49
40.0,-117.5,2023,236,84.64
40.0,-116.875,2023,236,81.99
40.0,-116.25,2023,236,81.31
40.0,-115.625,2023,236,80.28
40.0,-115.0,2023,236,79.77
40.0,-114.375,2023,236,81.1
40.5,-119.375,2023,236,85.89
40.5,-118.75,2023,236,85.41
40.5,-118.125,2023,236,85.0
40.5,-117.5,2023,236,84.04
40.5,-116.875,2023,236,83.99
40.5,-116.25,2023,236,82.7
40.5,-115.625,2023,236,81.13
40.5,-115.0,2023,236,80.73
40.5,-114.375,2023,236,82.73
41.0,-119.375,2023,236,84.31
41.0,-118.75,2023,236,86.27
41.0,-118.125,2023,236,85.82
41.0,-117.5,2023,236,85.07
41.0,-116.875,2023,236,84.41
41.0,-116.25,2023,236,81.93
41.0,-115.625,2023,236,81.9
41.0,-115.0,2023,236,81.2
41.0,-114.375,2023,236,82.81
41.5,-119.375,2023,236,82.46
41.5,-118.75,2023,236,84.29
41.5,-118.125,2023,236,85.41
41.5,-117.5,2023,236,84.26
41.5,-116.875,2023,236,83.18
41.5,-116.25,2023,236,81.0
41.5,-115.625,2023,236,80.21
41.5,-115.0,2023,236,81.12
41.5,-114.375,2023,236,82.25
42.0,-119.375,2023,236,82.6
42.0,-118.75,2023,236,84.64
42.0,-118.125,2023,236,83.21
42.0,-117.5,2023,236,83.53
42.0,-116.875,2023,236,83.63
42.0,-116.25,2023,236,82.78
42.0,-115.625,2023,236,81.95
42.0,-115.0,2023,236,81.73
42.0,-114.375,2023,236,82.61
32.5,-119.375,2023,237,101.42
32.5,-118.75,2023,237,101.41
32.5,-118.125,2023,237,101.33
32.5,-117.5,2023,237,101.12
32.5,-116.875,2023,237,96.86
32.5,-116.25,2023,237,91.89
32.5,-115.625,2023,237,99.09
32.5,-115.0,2023,237,100.36
32.5,-114.375,2023,237,99.25
33.0,-119.375,2023,237,101.36
33.0,-118.75,2023,237,101.37
33.0,-118.125,2023,237,101.16
33.0,-117.5,2023,237,100.41
33.0,-116.875,2023,237,94.73
33.0,-116.25,2023,237,95.63
33.0,-115.625,2023,237,100.36
33.0,-115.0,2023,237,98.95
33.0,-114.375,2023,237,98.48
33.5,-119.375,2023,237,101.4
33.5,-118.75,2023,237,101.36
33.5,-118.125,2023,237,100.78
33.5,-117.5,2023,237,98.5
33.5,-116.875,2023,237,91.85
33.5,-116.25,2023,237,95.06
33.5,-115.625,2023,237,96.68
33.5,-115.0,2023,237,97.51
33.5,-114.375,2023,237,97.37
34.0,-119.375,2023,237,101.16
34.0,-118.75,2023,237,99.22
34.0,-118.125,2023,237,96.84
34.0,-117.5,2023,237,94.25
34.0,-116.875,2023,237,90.42
34.0,-116.25,2023,237,90.97
34.0,-115.625,2023,237,94.92
34.0,-115.0,2023,237,96.93
34.0,-114.375,2023,237,97.38
34.5,-119.375,2023,237,93.05
34.5,-118.75,2023,237,92.67
34.5,-118.125,2023,237,92.49
34.5,-117.5,2023,237,90.01
34.5,-116.875,2023,237,89.04
34.5,-116.25,2023,237,92.14
34.5,-115.625,2023,237,95.16
34.5,-115.0,2023,237,94.63
34.5,-114.375,2023,237,95.6
35.0,-119.375,2023,237,92.54
35.0,-118.75,2023,237,91.27
35.0,-118.125,2023,237,90.38
35.0,-117.5,2023,237,91.58
35.0,-116.875,2023,237,91.78
35.0,-116.25,2023,237,94.14
35.0,-115.625,2023,237,90.07
35.0,-115.0,2023,237,91.45
35.0,-114.375,2023,237,93.22
35.5,-119.375,2023,237,99.19
35.5,-118.75,2023,237,92.95
35.5,-118.125,2023,237,87.73
35.5,-117.5,2023,237,91.46
35.5,-116.875,2023,237,92.01
35.5,-116.25,2023,237,93.34
35.5,-115.625,2023,237,88.9
35.5,-115.0,2023,237,89.63
35.5,-114.375,2023,237,91.67
36.0,-119.375,2023,237,99.96
36.0,-118.75,2023,237,89.32
36.0,-118.125,2023,237,81.3
36.0,-117.5,2023,237,88.06
36.0,-116.875,2023,237,92.42
36.0,-116.25,2023,237,92.56
36.0,-115.625,2023,237,87.91
36.0,-115.0,2023,237,92.96
36.0,-114.375,2023,237,92.84
36.5,-119.375,2023,237,98.27
36.5,-118.75,2023,237,82.87
36.5,-118.125,2023,237,78.27
36.5,-117.5,2023,237,88.47
36.5,-116.875,2023,237,91.72
36.5,-116.25,2023,237,90.24
36.5,-115.625,2023,237,85.41
36.5,-115.0,2023,237,89.3
36.5,-114.375,2023,237,92.76
37.0,-119.375,2023,237,90.02
37.0,-118.75,2023,237,75.67
37.0,-118.125,2023,237,79.76
37.0,-117.5,2023,237,86.56
37.0,-116.875,2023,237,86.88
37.0,-116.25,2023,237,86.14
37.0,-115.625,2023,237,86.46
37.0,-115.0,2023,237,87.63
37.0,-114.375,2023,237,89.99
37.5,-119.375,2023,237,79.41
37.5,-118.75,2023,237,74.72
37.5,-118.125,2023,237,80.58
37.5,-117.5,2023,237,83.37
37.5,-116.875,2023,237,83.71
37.5,-116.25,2023,237,82.91
37.5,-115.625,2023,237,83.78
37.5,-115.0,2023,237,85.26
37.5,-114.375,2023,237,83.8
38.0,-119.375,2023,237,75.36
38.0,-118.75,2023,237,78.04
38.0,-118.125,2023,237,81.29
38.0,-117.5,2023,237,83.0
38.0,-116.875,2023,237,82.25
38.0,-116.25,2023,237,82.55
38.0,-115.625,2023,237,81.94
38.0,-115.0,2023,237,83.65
38.0,-114.375,2023,237,82.09
38.5,-119.375,2023,237,78.13
38.5,-118.75,2023,237,81.58
38.5,-118.125,2023,237,82.42
38.5,-117.5,2023,237,81.33
38.5,-116.875,2023,237,79.58
38.5,-116.25,2023,237,80.9
38.5,-115.625,2023,237,82.6
38.5,-115.0,2023,237,81.74
38.5,-114.375,2023,237,80.47
39.0,-119.375,2023,237,83.4
39.0,-118.75,2023,237,85.21
39.0,-118.125,2023,237,83.43
39.0,-117.5,2023,237,80.08
39.0,-116.875,2023,237,78.32
39.0,-116.25,2023,237,78.71
39.0,-115.625,2023,237,79.98
39.0,-115.0,2023,237,79.95
39.0,-114.375,2023,237,79.85
39.5,-119.375,2023,237,84.6
39.5,-118.75,2023,237,87.38
39.5,-118.125,2023,237,84.78
39.5,-117.5,2023,237,81.16
39.5,-116.875,2023,237,80.08
39.5,-116.25,2023,237,80.16
39.5,-115.625,2023,237,80.32
39.5,-115.0,2023,237,79.56
39.5,-114.375,2023,237,79.98
40.0,-119.375,2023,237,85.21
40.0,-118.75,2023,237,86.78
40.0,-118.125,2023,237,86.48
40.0,-117.5,2023,237,84.61
40.0,-116.875,2023,237,81.97
40.0,-116.25,2023,237,81.31
40.0,-115.625,2023,237,80.3
40.0,-115.0,2023,237,79.8
40.0,-114.375,2023,237,81.14
40.5,-119.375,2023,237,85.9
40.5,-118.75,2023,237,85.45
40.5,-118.125,2023,237,85.0
40.5,-117.5,2023,237,84.03
40.5,-116.875,2023,237,83.97
40.5,-116.25,2023,237,82.68
40.5,-115.625,2023,237,81.13
40.5,-115.0,2023,237,80.76
40.5,-114.375,2023,237,82.76
41.0,-119.375,2023,237,84.31
41.0,-118.75,2023,237,86.3
41.0,-118.125,2023,237,85.84
41.0,-117.5,2023,237,85.05
41.0,-116.875,2023,237,84.39
41.0,-116.25,2023,237,81.93
41.0,-115.625,2023,237,81.9
41.0,-115.0,2023,237,81.24
41.0,-114.375,2023,237,82.85
41.5,-119.375,2023,237,82.46
41.5,-118.75,2023,237,84.31
41.5,-118.125,2023,237,85.42
41.5,-117.5,2023,237,84.26
41.5,-116.875,2023,237,83.17
41.5,-116.25,2023,237,80.99
41.5,-115.625,2023,237,80.22
41.5,-115.0,2023,237,81.15
41.5,-114.375,2023,237,82.28
42.0,-119.375,2023,237,82.59
42.0,-118.75,2023,237,84.64
42.0,-118.125,2023,237,83.22
42.0,-117.5,2023,237,83.52
42.0,-116.875,2023,237,83.61
42.0,-116.25,2023,237,82.76
42.0,-115.625,2023,237,81.94
42.0,-115.0,2023,237,81.74
42.0,-114.375,2023,237,82.63
32.5,-119.375,2023,238,101.43
32.5,-118.75,2023,238,101.4
32.5,-118.125,2023,238,101.31
32.5,-117.5,2023,238,101.08
32.5,-116.875,2023,238,96.85
32.5,-116.25,2023,238,91.91
32.5,-115.625,2023,238,99.07
32.5,-115.0,2023,238,100.33
32.5,-114.375,2023,238,99.23
33.0,-119.375,2023,238,101.36
33.0,-118.75,2023,238,101.35
33.0,-118.125,2023,238,101.14
33.0,-117.5,2023,238,100.39
33.0,-116.875,2023,238,94.74
33.0,-116.25,2023,238,95.62
33.0,-115.625,2023,238,100.35
33.0,-115.0,2023,238,98.93
33.0,-114.375,2023,238,98.49
33.5,-119.375,2023,238,101.38
33.5,-118.75,2023,238,101.32
33.5,-118.125,2023,238,100.75
33.5,-117.5,2023,238,98.49
33.5,-116.875,2023,238,91.87
33.5,-116.25,2023,238,95.05
33.5,-115.625,2023,238,96.69
33.5,-115.0,2023,238,97.5
33.5,-114.375,2023,238,97.4
34.0,-119.375,2023,238,101.12
34.0,-118.75,2023,238,99.19
34.0,-118.125,2023,238,96.83
34.0,-117.5,2023,238,94.26
34.0,-116.875,2023,238,90.45
34.0,-116.25,2023,238,90.99
34.0,-115.625,2023,238,94.93
34.0,-115.0,2023,238,96.94
34.0,-114.375,2023,238,97.4
34.5,-119.375,2023,238,93.05
34.5,-118.75,2023,238,92.66
34.5,-118.125,2023,238,92.5
34.5,-117.5,2023,238,90.04
34.5,-116.875,2023,238,89.07
34.5,-116.25,2023,238,92.13
34.5,-115.625,2023,238,95.17
34.5,-115.0,2023,238,94.65
34.5,-114.375,2023,238,95.61
35.0,-119.375,2023,238,92.58
35.0,-118.75,2023,238,91.28
35.0,-118.125,2023,238,90.4
35.0,-117.5,2023,238,91.6
35.0,-116.875,2023,238,91.8
35.0,-116.25,2023,238,94.15
35.0,-115.625,2023,238,90.09
35.0,-115.0,2023,238,91.47
35.0,-114.375,2023,238,93.23
35.5,-119.375,2023,238,99.18
35.5,-118.75,2023,238,93.0
35.5,-118.125,2023,238,87.75
35.5,-117.5,2023,238,91.48
35.5,-116.875,2023,238,92.02
35.5,-116.25,2023,238,93.34
35.5,-115.625,2023,238,88.94
35.5,-115.0,2023,238,89.65
35.5,-114.375,2023,238,91.68
36.0,-119.375,2023,238,99.95
36.0,-118.75,2023,238,89.35
36.0,-118.125,2023,238,81.31
36.0,-117.5,2023,238,88.07
36.0,-116.875,2023,238,92.43
36.0,-116.25,2023,238,92.57
36.0,-115.625,2023,238,87.93
36.0,-115.0,2023,238,92.94
36.0,-114.375,2023,238,92.85
36.5,-119.375,2023,238,98.27
36.5,-118.75,2023,238,82.9
36.5,-118.125,2023,238,78.29
36.5,-117.5,2023,238,88.49
36.5,-116.875,2023,238,91.73
36.5,-116.25,2023,238,90.26
36.5,-115.625,2023,238,85.43
36.5,-115.0,2023,238,89.29
36.5,-114.375,2023,238,92.75
37.0,-119.375,2023,238,90.03
37.0,-118.75,2023,238,75.71
37.0,-118.125,2023,238,79.79
37.0,-117.5,2023,238,86.59
37.0,-116.875,2023,238,86.91
37.0,-116.25,2023,238,86.16
37.0,-115.625,2023,238,86.47
37.0,-115.0,2023,238,87.63
37.0,-114.375,2023,238,89.99
37.5,-119.375,2023,238,79.45
37.5,-118.75,2023,238,74.76
37.5,-118.125,2023,238,80.6
37.5,-117.5,2023,238,83.4
37.5,-116.875,2023,238,83.74
37.5,-116.25,2023,238,82.93
37.5,-115.625,2023,238,83.79
37.5,-115.0,2023,238,85.28
37.5,-114.375,2023,238,83.82
38.0,-119.375,2023,238,75.4
38.0,-118.75,2023,238,78.07
38.0,-118.125,2023,238,81.31
38.0,-117.5,2023,238,83.04
38.0,-116.875,2023,238,82.29
38.0,-116.25,2023,238,82.58
38.0,-115.625,2023,238,81.96
38.0,-115.0,2023,238,83.67
38.0,-114.375,2023,238,82.12
38.5,-119.375,2023,238,78.19
38.5,-118.75,2023,238,81.6
38.5,-118.125,2023,238,82.44
38.5,-117.5,2023,238,81.37
38.5,-116.875,2023,238,79.61
38.5,-116.25,2023,238,80.93
38.5,-115.625,2023,238,82.62
38.5,-115.0,2023,238,81.77
38.5,-114.375,2023,238,80.5
39.0,-119.375,2023,238,83.45
39.0,-118.75,2023,238,85.24
39.0,-118.125,2023,238,83.46
39.0,-117.5,2023,238,80.11
39.0,-116.875,2023,238,78.35
39.0,-116.25,2023,238,78.73
39.0,-115.625,2023,238,80.01
39.0,-115.0,2023,238,79.98
39.0,-114.375,2023,238,79.87
39.5,-119.375,2023,238,84.63
39.5,-118.75,2023,238,87.37
39.5,-118.125,2023,238,84.8
39.5,-117.5,2023,238,81.19
39.5,-116.875,2023,238,80.11
39.5,-116.25,2023,238,80.18
39.5,-115.625,2023,238,80.33
39.5,-115.0,2023,238,79.58
39.5,-114.375,2023,238,79.99
40.0,-119.375,2023,238,85.25
40.0,-118.75,2023,238,86.75
40.0,-118.125,2023,238,86.48
40.0,-117.5,2023,238,84.62
40.0,-116.875,2023,238,81.99
40.0,-116.25,2023,238,81.33
40.0,-115.625,2023,238,80.32
40.0,-115.0,2023,238,79.82
40.0,-114.375,2023,238,81.14
40.5,-119.375,2023,238,85.91
40.5,-118.75,2023,238,85.41
40.5,-118.125,2023,238,84.98
40.5,-117.5,2023,238,84.04
40.5,-116.875,2023,238,83.97
40.5,-116.25,2023,238,82.69
40.5,-115.625,2023,238,81.15
40.5,-115.0,2023,238,80.77
40.5,-114.375,2023,238,82.78
41.0,-119.375,2023,238,84.33
41.0,-118.75,2023,238,86.26
41.0,-118.125,2023,238,85.8
41.0,-117.5,2023,238,85.04
41.0,-116.875,2023,238,84.39
41.0,-116.25,2023,238,81.94
41.0,-115.625,2023,238,81.92
41.0,-115.0,2023,238,81.25
41.0,-114.375,2023,238,82.88
41.5,-119.375,2023,238,82.49
41.5,-118.75,2023,238,84.3
41.5,-118.125,2023,238,85.39
41.5,-117.5,2023,238,84.25
41.5,-116.875,2023,238,83.18
41.5,-116.25,2023,238,81.02
41.5,-115.625,2023,238,80.26
41.5,-115.0,2023,238,81.18
41.5,-114.375,2023,238,82.33
42.0,-119.375,2023,238,82.65
42.0,-118.75,2023,238,84.64
42.0,-118.125,2023,238,83.21
42.0,-117.5,2023,238,83.53
42.0,-116.875,2023,238,83.64
42.0,-116.25,2023,238,82.79
42.0,-115.625,2023,238,81.98
42.0,-115.0,2023,238,81.78
42.0,-114.375,2023,238,82.69
32.5,-119.375,2023,239,101.35
32.5,-118.75,2023,239,101.3
32.5,-118.125,2023,239,101.22
32.5,-117.5,2023,239,100.99
32.5,-116.875,2023,239,96.76
32.5,-116.25,2023,239,91.94
32.5,-115.625,2023,239,99.06
32.5,-115.0,2023,239,100.27
32.5,-114.375,2023,239,99.16
33.0,-119.375,2023,239,101.28
33.0,-118.75,2023,239,101.25
33.0,-118.125,2023,239,101.05
33.0,-117.5,2023,239,100.29
33.0,-116.875,2023,239,94.69
33.0,-116.25,2023,239,95.64
33.0,-115.625,2023,239,100.28
33.0,-115.0,2023,239,98.88
33.0,-114.375,2023,239,98.41
33.5,-119.375,2023,239,101.29
33.5,-118.75,2023,239,101.22
33.5,-118.125,2023,239,100.66
33.5,-117.5,2023,239,98.41
33.5,-116.875,2023,239,91.87
33.5,-116.25,2023,239,95.07
33.5,-115.625,2023,239,96.68
33.5,-115.0,2023,239,97.5
33.5,-114.375,2023,239,97.35
34.0,-119.375,2023,239,101.03
34.0,-118.75,2023,239,99.1
34.0,-118.125,2023,239,96.78
34.0,-117.5,2023,239,94.24
34.0,-116.875,2023,239,90.5
34.0,-116.25,2023,239,91.04
34.0,-115.625,2023,239,94.97
34.0,-115.0,2023,239,96.95
34.0,-114.375,2023,239,97.4
34.5,-119.375,2023,239,93.06
34.5,-118.75,2023,239,92.69
34.5,-118.125,2023,239,92.53
34.5,-117.5,2023,239,90.1
34.5,-116.875,2023,239,89.13
34.5,-116.25,2023,239,92.2
34.5,-115.625,2023,239,95.21
34.5,-115.0,2023,239,94.67
34.5,-114.375,2023,239,95.63
35.0,-119.375,2023,239,92.64
35.0,-118.75,2023,239,91.35
35.0,-118.125,2023,239,90.46
35.0,-117.5,2023,239,91.67
35.0,-116.875,2023,239,91.88
35.0,-116.25,2023,239,94.22
35.0,-115.625,2023,239,90.15
35.0,-115.0,2023,239,91.5
35.0,-114.375,2023,239,93.27
35.5,-119.375,2023,239,99.24
35.5,-118.75,2023,239,93.13
35.5,-118.125,2023,239,87.83
35.5,-117.5,2023,239,91.56
35.5,-116.875,2023,239,92.11
35.5,-116.25,2023,239,93.41
35.5,-115.625,2023,239,89.01
35.5,-115.0,2023,239,89.7
35.5,-114.375,2023,239,91.73
36.0,-119.375,2023,239,100.01
36.0,-118.75,2023,239,89.47
36.0,-118.125,2023,239,81.37
36.0,-117.5,2023,239,88.14
36.0,-116.875,2023,239,92.51
36.0,-116.25,2023,239,92.65
36.0,-115.625,2023,239,88.01
36.0,-115.0,2023,239,93.01
36.0,-114.375,2023,239,92.9
36.5,-119.375,2023,239,98.38
36.5,-118.75,2023,239,83.02
36.5,-118.125,2023,239,78.35
36.5,-117.5,2023,239,88.56
36.5,-116.875,2023,239,91.82
36.5,-116.25,2023,239,90.34
36.5,-115.625,2023,239,85.51
36.5,-115.0,2023,239,89.33
36.5,-114.375,2023,239,92.81
37.0,-119.375,2023,239,90.13
37.0,-118.75,2023,239,75.78
37.0,-118.125,2023,239,79.87
37.0,-117.5,2023,239,86.64
37.0,-116.875,2023,239,86.96
37.0,-116.25,2023,239,86.22
37.0,-115.625,2023,239,86.55
37.0,-115.0,2023,239,87.69
37.0,-114.375,2023,239,90.03
37.5,-119.375,2023,239,79.53
37.5,-118.75,2023,239,74.89
37.5,-118.125,2023,239,80.68
37.5,-117.5,2023,239,83.46
37.5,-116.875,2023,239,83.81
37.5,-116.25,2023,239,82.99
37.5,-115.625,2023,239,83.86
37.5,-115.0,2023,239,85.33
37.5,-114.375,2023,239,83.86
38.0,-119.375,2023,239,75.5
38.0,-118.75,2023,239,78.19
38.0,-118.125,2023,239,81.4
38.0,-117.5,2023,239,83.12
38.0,-116.875,2023,239,82.34
38.0,-116.25,2023,239,82.64
38.0,-115.625,2023,239,82.03
38.0,-115.0,2023,239,83.72
38.0,-114.375,2023,239,82.17
38.5,-119.375,2023,239,78.31
38.5,-118.75,2023,239,81.74
38.5,-118.125,2023,239,82.55
38.5,-117.5,2023,239,81.45
38.5,-116.875,2023,239,79.68
38.5,-116.25,2023,239,80.99
38.5,-115.625,2023,239,82.7
38.5,-115.0,2023,239,81.82
38.5,-114.375,2023,239,80.56
39.0,-119.375,2023,239,83.58
39.0,-118.75,2023,239,85.41
39.0,-118.125,2023,239,83.57
39.0,-117.5,2023,239,80.2
39.0,-116.875,2023,239,78.42
39.0,-116.25,2023,239,78.8
39.0,-115.625,2023,239,80.07
39.0,-115.0,2023,239,80.03
39.0,-114.375,2023,239,79.93
39.5,-119.375,2023,239,84.77
39.5,-118.75,2023,239,87.55
39.5,-118.125,2023,239,84.93
39.5,-117.5,2023,239,81.28
39.5,-116.875,2023,239,80.19
39.5,-116.25,2023,239,80.26
39.5,-115.625,2023,239,80.41
39.5,-115.0,2023,239,79.64
39.5,-114.375,2023,239,80.04
40.0,-119.375,2023,239,85.39
40.0,-118.75,2023,239,86.9
40.0,-118.125,2023,239,86.63
40.0,-117.5,2023,239,84.75
40.0,-116.875,2023,239,82.09
40.0,-116.25,2023,239,81.42
40.0,-115.625,2023,239,80.39
40.0,-115.0,2023,239,79.88
40.0,-114.375,2023,239,81.19
40.5,-119.375,2023,239,86.04
40.5,-118.75,2023,239,85.54
40.5,-118.125,2023,239,85.12
40.5,-117.5,2023,239,84.15
40.5,-116.875,2023,239,84.09
40.5,-116.25,2023,239,82.79
40.5,-115.625,2023,239,81.23
40.5,-115.0,2023,239,80.83
40.5,-114.375,2023,239,82.83
41.0,-119.375,2023,239,84.43
41.0,-118.75,2023,239,86.39
41.0,-118.125,2023,239,85.92
41.0,-117.5,2023,239,85.17
41.0,-116.875,2023,239,84.5
41.0,-116.25,2023,239,82.02
41.0,-115.625,2023,239,81.97
41.0,-115.0,2023,239,81.29
41.0,-114.375,2023,239,82.91
41.5,-119.375,2023,239,82.61
41.5,-118.75,2023,239,84.41
41.5,-118.125,2023,239,85.51
41.5,-117.5,2023,239,84.37
41.5,-116.875,2023,239,83.28
41.5,-116.25,2023,239,81.09
41.5,-115.625,2023,239,80.29
41.5,-115.0,2023,239,81.21
41.5,-114.375,2023,239,82.36
42.0,-119.375,2023,239,82.76
42.0,-118.75,2023,239,84.76
42.0,-118.125,2023,239,83.31
42.0,-117.5,2023,239,83.63
42.0,-116.875,2023,239,83.73
42.0,-116.25,2023,239,82.87
42.0,-115.625,2023,239,82.03
42.0,-115.0,2023,239,81.82
42.0,-114.375,2023,239,82.72
32.5,-119.375,2023,240,101.15
32.5,-118.75,2023,240,101.1
32.5,-118.125,2023,240,101.03
32.5,-117.5,2023,240,100.8
32.5,-116.875,2023,240,96.61
32.5,-116.25,2023,240,91.85
32.5,-115.625,2023,240,98.91
32.5,-115.0,2023,240,100.11
32.5,-114.375,2023,240,98.98
33.0,-119.375,2023,240,101.08
33.0,-118.75,2023,240,101.03
33.0,-118.125,2023,240,100.86
33.0,-117.5,2023,240,100.12
33.0,-116.875,2023,240,94.56
33.0,-116.25,2023,240,95.53
33.0,-115.625,2023,240,100.1
33.0,-115.0,2023,240,98.73
33.0,-114.375,2023,240,98.23
33.5,-119.375,2023,240,101.08
33.5,-118.75,2023,240,101.02
33.5,-118.125,2023,240,100.46
33.5,-117.5,2023,240,98.24
33.5,-116.875,2023,240,91.77
33.5,-116.25,2023,240,94.97
33.5,-115.625,2023,240,96.54
33.5,-115.0,2023,240,97.37
33.5,-114.375,2023,240,97.19
34.0,-119.375,2023,240,100.85
34.0,-118.75,2023,240,98.92
34.0,-118.125,2023,240,96.63
34.0,-117.5,2023,240,94.1
34.0,-116.875,2023,240,90.4
34.0,-116.25,2023,240,90.96
34.0,-115.625,2023,240,94.87
34.0,-115.0,2023,240,96.81
34.0,-114.375,2023,240,97.22
34.5,-119.375,2023,240,92.97
34.5,-118.75,2023,240,92.63
34.5,-118.125,2023,240,92.44
34.5,-117.5,2023,240,90.03
34.5,-116.875,2023,240,89.07
34.5,-116.25,2023,240,92.15
34.5,-115.625,2023,240,95.1
34.5,-115.0,2023,240,94.54
34.5,-114.375,2023,240,95.47
35.0,-119.375,2023,240,92.63
35.0,-118.75,2023,240,91.33
35.0,-118.125,2023,240,90.4
35.0,-117.5,2023,240,91.6
35.0,-116.875,2023,240,91.82
35.0,-116.25,2023,240,94.14
35.0,-115.625,2023,240,90.05
35.0,-115.0,2023,240,91.42
35.0,-114.375,2023,240,93.13
35.5,-119.375,2023,240,99.18
35.5,-118.75,2023,240,93.07
35.5,-118.125,2023,240,87.81
35.5,-117.5,2023,240,91.52
35.5,-116.875,2023,240,92.05
35.5,-116.25,2023,240,93.33
35.5,-115.625,2023,240,88.94
35.5,-115.0,2023,240,89.64
35.5,-114.375,2023,240,91.63
36.0,-119.375,2023,240,99.97
36.0,-118.75,2023,240,89.39
36.0,-118.125,2023,240,81.38
36.0,-117.5,2023,240,88.12
36.0,-116.875,2023,240,92.47
36.0,-116.25,2023,240,92.58
36.0,-115.625,2023,240,87.96
36.0,-115.0,2023,240,92.95
36.0,-114.375,2023,240,92.82
36.5,-119.375,2023,240,98.32
36.5,-118.75,2023,240,82.96
36.5,-118.125,2023,240,78.44
36.5,-117.5,2023,240,88.6
36.5,-116.875,2023,240,91.79
36.5,-116.25,2023,240,90.29
36.5,-115.625,2023,240,85.48
36.5,-115.0,2023,240,89.29
36.5,-114.375,2023,240,92.73
37.0,-119.375,2023,240,90.07
37.0,-118.75,2023,240,75.83
37.0,-118.125,2023,240,79.95
37.0,-117.5,2023,240,86.65
37.0,-116.875,2023,240,86.95
37.0,-116.25,2023,240,86.21
37.0,-115.625,2023,240,86.53
37.0,-115.0,2023,240,87.66
37.0,-114.375,2023,240,89.97
37.5,-119.375,2023,240,79.55
37.5,-118.75,2023,240,74.97
37.5,-118.125,2023,240,80.76
37.5,-117.5,2023,240,83.53
37.5,-116.875,2023,240,83.84
37.5,-116.25,2023,240,83.0
37.5,-115.625,2023,240,83.85
37.5,-115.0,2023,240,85.31
37.5,-114.375,2023,240,83.82
38.0,-119.375,2023,240,75.57
38.0,-118.75,2023,240,78.26
38.0,-118.125,2023,240,81.48
38.0,-117.5,2023,240,83.17
38.0,-116.875,2023,240,82.37
38.0,-116.25,2023,240,82.65
38.0,-115.625,2023,240,82.02
38.0,-115.0,2023,240,83.72
38.0,-114.375,2023,240,82.15
38.5,-119.375,2023,240,78.37
38.5,-118.75,2023,240,81.8
38.5,-118.125,2023,240,82.62
38.5,-117.5,2023,240,81.5
38.5,-116.875,2023,240,79.72
38.5,-116.25,2023,240,81.02
38.5,-115.625,2023,240,82.72
38.5,-115.0,2023,240,81.82
38.5,-114.375,2023,240,80.56
39.0,-119.375,2023,240,83.6
39.0,-118.75,2023,240,85.44
39.0,-118.125,2023,240,83.63
39.0,-117.5,2023,240,80.25
39.0,-116.875,2023,240,78.47
39.0,-116.25,2023,240,78.84
39.0,-115.625,2023,240,80.09
39.0,-115.0,2023,240,80.05
39.0,-114.375,2023,240,79.95
39.5,-119.375,2023,240,84.79
39.5,-118.75,2023,240,87.58
39.5,-118.125,2023,240,84.98
39.5,-117.5,2023,240,81.35
39.5,-116.875,2023,240,80.24
39.5,-116.25,2023,240,80.31
39.5,-115.625,2023,240,80.46
39.5,-115.0,2023,240,79.68
39.5,-114.375,2023,240,80.09
40.0,-119.375,2023,240,85.4
40.0,-118.75,2023,240,86.93
40.0,-118.125,2023,240,86.67
40.0,-117.5,2023,240,84.8
40.0,-116.875,2023,240,82.14
40.0,-116.25,2023,240,81.47
40.0,-115.625,2023,240,80.44
40.0,-115.0,2023,240,79.93
40.0,-114.375,2023,240,81.26
40.5,-119.375,2023,240,86.05
40.5,-118.75,2023,240,85.57
40.5,-118.125,2023,240,85.15
40.5,-117.5,2023,240,84.18
40.5,-116.875,2023,240,84.13
40.5,-116.25,2023,240,82.85
40.5,-115.625,2023,240,81.3
40.5,-115.0,2023,240,80.91
40.5,-114.375,2023,240,82.92
41.0,-119.375,2023,240,84.45
41.0,-118.75,2023,240,86.41
41.0,-118.125,2023,240,85.95
41.0,-117.5,2023,240,85.2
41.0,-116.875,2023,240,84.55
41.0,-116.25,2023,240,82.09
41.0,-115.625,2023,240,82.07
41.0,-115.0,2023,240,81.38
41.0,-114.375,2023,240,83.0
41.5,-119.375,2023,240,82.63
41.5,-118.75,2023,240,84.43
41.5,-118.125,2023,240,85.54
41.5,-117.5,2023,240,84.4
41.5,-116.875,2023,240,83.33
41.5,-116.25,2023,240,81.17
41.5,-115.625,2023,240,80.4
41.5,-115.0,2023,240,81.31
41.5,-114.375,2023,240,82.45
42.0,-119.375,2023,240,82.76
42.0,-118.75,2023,240,84.77
42.0,-118.125,2023,240,83.36
42.0,-117.5,2023,240,83.68
42.0,-116.875,2023,240,83.79
42.0,-116.25,2023,240,82.95
42.0,-115.625,2023,240,82.16
42.0,-115.0,2023,240,81.93
42.0,-114.375,2023,240,82.82
32.5,-119.375,2023,241,101.08
32.5,-118.75,2023,241,101.03
32.5,-118.125,2023,241,100.96
32.5,-117.5,2023,241,100.75
32.5,-116.875,2023,241,96.59
32.5,-116.25,2023,241,91.81
32.5,-115.625,2023,241,98.86
32.5,-115.0,2023,241,100.1
32.5,-114.375,2023,241,99.02
33.0,-119.375,2023,241,101.0
33.0,-118.75,2023,241,100.97
33.0,-118.125,2023,241,100.79
33.0,-117.5,2023,241,100.06
33.0,-116.875,2023,241,94.54
33.0,-116.25,2023,241,95.47
33.0,-115.625,2023,241,100.07
33.0,-115.0,2023,241,98.71
33.0,-114.375,2023,241,98.23
33.5,-119.375,2023,241,101.0
33.5,-118.75,2023,241,100.96
33.5,-118.125,2023,241,100.4
33.5,-117.5,2023,241,98.18
33.5,-116.875,2023,241,91.72
33.5,-116.25,2023,241,94.9
33.5,-115.625,2023,241,96.49
33.5,-115.0,2023,241,97.32
33.5,-114.375,2023,241,97.17
34.0,-119.375,2023,241,100.75
34.0,-118.75,2023,241,98.85
34.0,-118.125,2023,241,96.57
34.0,-117.5,2023,241,94.07
34.0,-116.875,2023,241,90.36
34.0,-116.25,2023,241,90.89
34.0,-115.625,2023,241,94.79
34.0,-115.0,2023,241,96.76
34.0,-114.375,2023,241,97.18
34.5,-119.375,2023,241,92.9
34.5,-118.75,2023,241,92.55
34.5,-118.125,2023,241,92.36
34.5,-117.5,2023,241,89.95
34.5,-116.875,2023,241,88.99
34.5,-116.25,2023,241,92.04
34.5,-115.625,2023,241,95.03
34.5,-115.0,2023,241,94.48
34.5,-114.375,2023,241,95.42
35.0,-119.375,2023,241,92.57
35.0,-118.75,2023,241,91.26
35.0,-118.125,2023,241,90.31
35.0,-117.5,2023,241,91.5
35.0,-116.875,2023,241,91.7
35.0,-116.25,2023,241,94.02
35.0,-115.625,2023,241,89.99
35.0,-115.0,2023,241,91.34
35.0,-114.375,2023,241,93.07
35.5,-119.375,2023,241,99.1
35.5,-118.75,2023,241,93.01
35.5,-118.125,2023,241,87.7
35.5,-117.5,2023,241,91.4
35.5,-116.875,2023,241,91.92
35.5,-116.25,2023,241,93.22
35.5,-115.625,2023,241,88.86
35.5,-115.0,2023,241,89.55
35.5,-114.375,2023,241,91.54
36.0,-119.375,2023,241,99.87
36.0,-118.75,2023,241,89.33
36.0,-118.125,2023,241,81.31
36.0,-117.5,2023,241,88.0
36.0,-116.875,2023,241,92.32
36.0,-116.25,2023,241,92.46
36.0,-115.625,2023,241,87.87
36.0,-115.0,2023,241,92.82
36.0,-114.375,2023,241,92.71
36.5,-119.375,2023,241,98.22
36.5,-118.75,2023,241,82.94
36.5,-118.125,2023,241,78.34
36.5,-117.5,2023,241,88.43
36.5,-116.875,2023,241,91.63
36.5,-116.25,2023,241,90.17
36.5,-115.625,2023,241,85.38
36.5,-115.0,2023,241,89.18
36.5,-114.375,2023,241,92.63
37.0,-119.375,2023,241,90.03
37.0,-118.75,2023,241,75.79
37.0,-118.125,2023,241,79.82
37.0,-117.5,2023,241,86.51
37.0,-116.875,2023,241,86.82
37.0,-116.25,2023,241,86.09
37.0,-115.625,2023,241,86.41
37.0,-115.0,2023,241,87.54
37.0,-114.375,2023,241,89.87
37.5,-119.375,2023,241,79.51
37.5,-118.75,2023,241,74.87
37.5,-118.125,2023,241,80.6
37.5,-117.5,2023,241,83.37
37.5,-116.875,2023,241,83.71
37.5,-116.25,2023,241,82.88
37.5,-115.625,2023,241,83.74
37.5,-115.0,2023,241,85.2
37.5,-114.375,2023,241,83.75
38.0,-119.375,2023,241,75.5
38.0,-118.75,2023,241,78.11
38.0,-118.125,2023,241,81.31
38.0,-117.5,2023,241,83.0
38.0,-116.875,2023,241,82.23
38.0,-116.25,2023,241,82.51
38.0,-115.625,2023,241,81.92
38.0,-115.0,2023,241,83.6
38.0,-114.375,2023,241,82.06
38.5,-119.375,2023,241,78.24
38.5,-118.75,2023,241,81.6
38.5,-118.125,2023,241,82.44
38.5,-117.5,2023,241,81.33
38.5,-116.875,2023,241,79.58
38.5,-116.25,2023,241,80.87
38.5,-115.625,2023,241,82.58
38.5,-115.0,2023,241,81.7
38.5,-114.375,2023,241,80.45
39.0,-119.375,2023,241,83.43
39.0,-118.75,2023,241,85.24
39.0,-118.125,2023,241,83.45
39.0,-117.5,2023,241,80.09
39.0,-116.875,2023,241,78.32
39.0,-116.25,2023,241,78.68
39.0,-115.625,2023,241,79.95
39.0,-115.0,2023,241,79.91
39.0,-114.375,2023,241,79.82
39.5,-119.375,2023,241,84.6
39.5,-118.75,2023,241,87.35
39.5,-118.125,2023,241,84.79
39.5,-117.5,2023,241,81.16
39.5,-116.875,2023,241,80.05
39.5,-116.25,2023,241,80.12
39.5,-115.625,2023,241,80.27
39.5,-115.0,2023,241,79.51
39.5,-114.375,2023,241,79.93
40.0,-119.375,2023,241,85.21
40.0,-118.75,2023,241,86.72
40.0,-118.125,2023,241,86.44
40.0,-117.5,2023,241,84.6
40.0,-116.875,2023,241,81.94
40.0,-116.25,2023,241,81.26
40.0,-115.625,2023,241,80.24
40.0,-115.0,2023,241,79.74
40.0,-114.375,2023,241,81.07
40.5,-119.375,2023,241,85.87
40.5,-118.75,2023,241,85.37
40.5,-118.125,2023,241,84.94
40.5,-117.5,2023,241,83.97
40.5,-116.875,2023,241,83.89
40.5,-116.25,2023,241,82.61
40.5,-115.625,2023,241,81.07
40.5,-115.0,2023,241,80.69
40.5,-114.375,2023,241,82.69
41.0,-119.375,2023,241,84.22
41.0,-118.75,2023,241,86.18
41.0,-118.125,2023,241,85.71
41.0,-117.5,2023,241,84.96
41.0,-116.875,2023,241,84.3
41.0,-116.25,2023,241,81.84
41.0,-115.625,2023,241,81.82
41.0,-115.0,2023,241,81.15
41.0,-114.375,2023,241,82.77
41.5,-119.375,2023,241,82.42
41.5,-118.75,2023,241,84.18
41.5,-118.125,2023,241,85.28
41.5,-117.5,2023,241,84.14
41.5,-116.875,2023,241,83.06
41.5,-116.25,2023,241,80.91
41.5,-115.625,2023,241,80.14
41.5,-115.0,2023,241,81.06
41.5,-114.375,2023,241,82.2
42.0,-119.375,2023,241,82.53
42.0,-118.75,2023,241,84.53
42.0,-118.125,2023,241,83.09
42.0,-117.5,2023,241,83.38
42.0,-116.875,2023,241,83.47
42.0,-116.25,2023,241,82.63
42.0,-115.625,2023,241,81.82
42.0,-115.0,2023,241,81.63
42.0,-114.375,2023,241,82.53
32.5,-119.375,2023,242,100.99
32.5,-118.75,2023,242,100.97
32.5,-118.125,2023,242,100.9
32.5,-117.5,2023,242,100.7
32.5,-116.875,2023,242,96.55
32.5,-116.25,2023,242,91.75
32.5,-115.625,2023,242,98.85
32.5,-115.0,2023,242,100.13
32.5,-114.375,2023,242,99.08
33.0,-119.375,2023,242,100.91
33.0,-118.75,2023,242,100.91
33.0,-118.125,2023,242,100.72
33.0,-117.5,2023,242,100.01
33.0,-116.875,2023,242,94.49
33.0,-116.25,2023,242,95.42
33.0,-115.625,2023,242,100.06
33.0,-115.0,2023,242,98.73
33.0,-114.375,2023,242,98.29
33.5,-119.375,2023,242,100.92
33.5,-118.75,2023,242,100.89
33.5,-118.125,2023,242,100.34
33.5,-117.5,2023,242,98.13
33.5,-116.875,2023,242,91.65
33.5,-116.25,2023,242,94.85
33.5,-115.625,2023,242,96.47
33.5,-115.0,2023,242,97.31
33.5,-114.375,2023,242,97.19
34.0,-119.375,2023,242,100.68
34.0,-118.75,2023,242,98.79
34.0,-118.125,2023,242,96.5
34.0,-117.5,2023,242,94.0
34.0,-116.875,2023,242,90.28
34.0,-116.25,2023,242,90.82
34.0,-115.625,2023,242,94.73
34.0,-115.0,2023,242,96.73
34.0,-114.375,2023,242,97.19
34.5,-119.375,2023,242,92.81
34.5,-118.75,2023,242,92.46
34.5,-118.125,2023,242,92.27
34.5,-117.5,2023,242,89.87
34.5,-116.875,2023,242,88.9
34.5,-116.25,2023,242,91.93
34.5,-115.625,2023,242,94.95
34.5,-115.0,2023,242,94.44
34.5,-114.375,2023,242,95.42
35.0,-119.375,2023,242,92.38
35.0,-118.75,2023,242,91.12
35.0,-118.125,2023,242,90.21
35.0,-117.5,2023,242,91.39
35.0,-116.875,2023,242,91.6
35.0,-116.25,2023,242,93.91
35.0,-115.625,2023,242,89.92
35.0,-115.0,2023,242,91.28
35.0,-114.375,2023,242,93.05
35.5,-119.375,2023,242,98.94
35.5,-118.75,2023,242,92.86
35.5,-118.125,2023,242,87.59
35.5,-117.5,2023,242,91.28
35.5,-116.875,2023,242,91.82
35.5,-116.25,2023,242,93.1
35.5,-115.625,2023,242,88.77
35.5,-115.0,2023,242,89.45
35.5,-114.375,2023,242,91.49
36.0,-119.375,2023,242,99.73
36.0,-118.75,2023,242,89.2
36.0,-118.125,2023,242,81.19
36.0,-117.5,2023,242,87.88
36.0,-116.875,2023,242,92.21
36.0,-116.25,2023,242,92.35
36.0,-115.625,2023,242,87.77
36.0,-115.0,2023,242,92.72
36.0,-114.375,2023,242,92.62
36.5,-119.375,2023,242,98.09
36.5,-118.75,2023,242,82.79
36.5,-118.125,2023,242,78.23
36.5,-117.5,2023,242,88.3
36.5,-116.875,2023,242,91.52
36.5,-116.25,2023,242,90.05
36.5,-115.625,2023,242,85.28
36.5,-115.0,2023,242,89.06
36.5,-114.375,2023,242,92.53
37.0,-119.375,2023,242,89.85
37.0,-118.75,2023,242,75.67
37.0,-118.125,2023,242,79.73
37.0,-117.5,2023,242,86.38
37.0,-116.875,2023,242,86.7
37.0,-116.25,2023,242,85.97
37.0,-115.625,2023,242,86.31
37.0,-115.0,2023,242,87.43
37.0,-114.375,2023,242,89.77
37.5,-119.375,2023,242,79.37
37.5,-118.75,2023,242,74.8
37.5,-118.125,2023,242,80.53
37.5,-117.5,2023,242,83.28
37.5,-116.875,2023,242,83.59
37.5,-116.25,2023,242,82.77
37.5,-115.625,2023,242,83.62
37.5,-115.0,2023,242,85.09
37.5,-114.375,2023,242,83.65
38.0,-119.375,2023,242,75.4
38.0,-118.75,2023,242,78.07
38.0,-118.125,2023,242,81.28
38.0,-117.5,2023,242,82.94
38.0,-116.875,2023,242,82.13
38.0,-116.25,2023,242,82.41
38.0,-115.625,2023,242,81.81
38.0,-115.0,2023,242,83.48
38.0,-114.375,2023,242,81.95
38.5,-119.375,2023,242,78.2
38.5,-118.75,2023,242,81.65
38.5,-118.125,2023,242,82.46
38.5,-117.5,2023,242,81.29
38.5,-116.875,2023,242,79.49
38.5,-116.25,2023,242,80.76
38.5,-115.625,2023,242,82.49
38.5,-115.0,2023,242,81.57
38.5,-114.375,2023,242,80.33
39.0,-119.375,2023,242,83.49
39.0,-118.75,2023,242,85.36
39.0,-118.125,2023,242,83.5
39.0,-117.5,2023,242,80.08
39.0,-116.875,2023,242,78.27
39.0,-116.25,2023,242,78.6
39.0,-115.625,2023,242,79.85
39.0,-115.0,2023,242,79.79
39.0,-114.375,2023,242,79.7
39.5,-119.375,2023,242,84.7
39.5,-118.75,2023,242,87.5
39.5,-118.125,2023,242,84.87
39.5,-117.5,2023,242,81.19
39.5,-116.875,2023,242,80.06
39.5,-116.25,2023,242,80.1
39.5,-115.625,2023,242,80.22
39.5,-115.0,2023,242,79.43
39.5,-114.375,2023,242,79.83
40.0,-119.375,2023,242,85.34
40.0,-118.75,2023,242,86.86
40.0,-118.125,2023,242,86.57
40.0,-117.5,2023,242,84.7
40.0,-116.875,2023,242,82.0
40.0,-116.25,2023,242,81.29
40.0,-115.625,2023,242,80.23
40.0,-115.0,2023,242,79.68
40.0,-114.375,2023,242,81.0
40.5,-119.375,2023,242,86.05
40.5,-118.75,2023,242,85.53
40.5,-118.125,2023,242,85.09
40.5,-117.5,2023,242,84.08
40.5,-116.875,2023,242,84.02
40.5,-116.25,2023,242,82.7
40.5,-115.625,2023,242,81.1
40.5,-115.0,2023,242,80.68
40.5,-114.375,2023,242,82.67
41.0,-119.375,2023,242,84.42
41.0,-118.75,2023,242,86.44
41.0,-118.125,2023,242,85.92
41.0,-117.5,2023,242,85.15
41.0,-116.875,2023,242,84.48
41.0,-116.25,2023,242,81.92
41.0,-115.625,2023,242,81.88
41.0,-115.0,2023,242,81.16
41.0,-114.375,2023,242,82.73
41.5,-119.375,2023,242,82.59
41.5,-118.75,2023,242,84.4
41.5,-118.125,2023,242,85.52
41.5,-117.5,2023,242,84.34
41.5,-116.875,2023,242,83.22
41.5,-116.25,2023,242,81.0
41.5,-115.625,2023,242,80.18
41.5,-115.0,2023,242,81.06
41.5,-114.375,2023,242,82.19
42.0,-119.375,2023,242,82.74
42.0,-118.75,2023,242,84.79
42.0,-118.125,2023,242,83.3
42.0,-117.5,2023,242,83.61
42.0,-116.875,2023,242,83.69
42.0,-116.25,2023,242,82.82
42.0,-115.625,2023,242,81.96
42.0,-115.0,2023,242,81.73
42.0,-114.375,2023,242,82.58
32.5,-119.375,2023,243,100.93
32.5,-118.75,2023,243,100.93
32.5,-118.125,2023,243,100.88
32.5,-117.5,2023,243,100.68
32.5,-116.875,2023,243,96.52
32.5,-116.25,2023,243,91.62
32.5,-115.625,2023,243,98.81
32.5,-115.0,2023,243,100.11
32.5,-114.375,2023,243,99.05
33.0,-119.375,2023,243,100.85
33.0,-118.75,2023,243,100.88
33.0,-118.125,2023,243,100.69
33.0,-117.5,2023,243,100.0
33.0,-116.875,2023,243,94.43
33.0,-116.25,2023,243,95.31
33.0,-115.625,2023,243,100.04
33.0,-115.0,2023,243,98.72
33.0,-114.375,2023,243,98.27
33.5,-119.375,2023,243,100.91
33.5,-118.75,2023,243,100.88
33.5,-118.125,2023,243,100.32
33.5,-117.5,2023,243,98.09
33.5,-116.875,2023,243,91.54
33.5,-116.25,2023,243,94.72
33.5,-115.625,2023,243,96.4
33.5,-115.0,2023,243,97.27
33.5,-114.375,2023,243,97.14
34.0,-119.375,2023,243,100.68
34.0,-118.75,2023,243,98.77
34.0,-118.125,2023,243,96.44
34.0,-117.5,2023,243,93.93
34.0,-116.875,2023,243,90.14
34.0,-116.25,2023,243,90.66
34.0,-115.625,2023,243,94.62
34.0,-115.0,2023,243,96.66
34.0,-114.375,2023,243,97.12
34.5,-119.375,2023,243,92.69
34.5,-118.75,2023,243,92.33
34.5,-118.125,2023,243,92.14
34.5,-117.5,2023,243,89.7
34.5,-116.875,2023,243,88.73
34.5,-116.25,2023,243,91.76
34.5,-115.625,2023,243,94.82
34.5,-115.0,2023,243,94.34
34.5,-114.375,2023,243,95.32
35.0,-119.375,2023,243,92.11
35.0,-118.75,2023,243,90.87
35.0,-118.125,2023,243,90.03
35.0,-117.5,2023,243,91.21
35.0,-116.875,2023,243,91.4
35.0,-116.25,2023,243,93.71
35.0,-115.625,2023,243,89.76
35.0,-115.0,2023,243,91.14
35.0,-114.375,2023,243,92.92
35.5,-119.375,2023,243,98.6
35.5,-118.75,2023,243,92.58
35.5,-118.125,2023,243,87.37
35.5,-117.5,2023,243,91.05
35.5,-116.875,2023,243,91.6
35.5,-116.25,2023,243,92.89
35.5,-115.625,2023,243,88.58
35.5,-115.0,2023,243,89.28
35.5,-114.375,2023,243,91.34
36.0,-119.375,2023,243,99.4
36.0,-118.75,2023,243,88.98
36.0,-118.125,2023,243,80.97
36.0,-117.5,2023,243,87.63
36.0,-116.875,2023,243,91.95
36.0,-116.25,2023,243,92.11
36.0,-115.625,2023,243,87.54
36.0,-115.0,2023,243,92.5
36.0,-114.375,2023,243,92.44
36.5,-119.375,2023,243,97.76
36.5,-118.75,2023,243,82.6
36.5,-118.125,2023,243,77.92
36.5,-117.5,2023,243,87.99
36.5,-116.875,2023,243,91.22
36.5,-116.25,2023,243,89.79
36.5,-115.625,2023,243,85.03
36.5,-115.0,2023,243,88.83
36.5,-114.375,2023,243,92.3
37.0,-119.375,2023,243,89.62
37.0,-118.75,2023,243,75.42
37.0,-118.125,2023,243,79.38
37.0,-117.5,2023,243,86.08
37.0,-116.875,2023,243,86.41
37.0,-116.25,2023,243,85.69
37.0,-115.625,2023,243,86.03
37.0,-115.0,2023,243,87.17
37.0,-114.375,2023,243,89.52
37.5,-119.375,2023,243,79.07
37.5,-118.75,2023,243,74.44
37.5,-118.125,2023,243,80.15
37.5,-117.5,2023,243,82.9
37.5,-116.875,2023,243,83.25
37.5,-116.25,2023,243,82.46
37.5,-115.625,2023,243,83.35
37.5,-115.0,2023,243,84.82
37.5,-114.375,2023,243,83.4
38.0,-119.375,2023,243,75.05
38.0,-118.75,2023,243,77.7
38.0,-118.125,2023,243,80.86
38.0,-117.5,2023,243,82.53
38.0,-116.875,2023,243,81.78
38.0,-116.25,2023,243,82.08
38.0,-115.625,2023,243,81.51
38.0,-115.0,2023,243,83.19
38.0,-114.375,2023,243,81.68
38.5,-119.375,2023,243,77.78
38.5,-118.75,2023,243,81.21
38.5,-118.125,2023,243,81.99
38.5,-117.5,2023,243,80.87
38.5,-116.875,2023,243,79.12
38.5,-116.25,2023,243,80.42
38.5,-115.625,2023,243,82.13
38.5,-115.0,2023,243,81.27
38.5,-114.375,2023,243,80.05
39.0,-119.375,2023,243,83.01
39.0,-118.75,2023,243,84.82
39.0,-118.125,2023,243,83.0
39.0,-117.5,2023,243,79.62
39.0,-116.875,2023,243,77.86
39.0,-116.25,2023,243,78.23
39.0,-115.625,2023,243,79.5
39.0,-115.0,2023,243,79.47
39.0,-114.375,2023,243,79.39
39.5,-119.375,2023,243,84.18
39.5,-118.75,2023,243,86.94
39.5,-118.125,2023,243,84.36
39.5,-117.5,2023,243,80.71
39.5,-116.875,2023,243,79.62
39.5,-116.25,2023,243,79.68
39.5,-115.625,2023,243,79.82
39.5,-115.0,2023,243,79.06
39.5,-114.375,2023,243,79.5
40.0,-119.375,2023,243,84.78
40.0,-118.75,2023,243,86.31
40.0,-118.125,2023,243,86.04
40.0,-117.5,2023,243,84.18
40.0,-116.875,2023,243,81.52
40.0,-116.25,2023,243,80.84
40.0,-115.625,2023,243,79.82
40.0,-115.0,2023,243,79.32
40.0,-114.375,2023,243,80.66
40.5,-119.375,2023,243,85.45
40.5,-118.75,2023,243,84.97
40.5,-118.125,2023,243,84.55
40.5,-117.5,2023,243,83.59
40.5,-116.875,2023,243,83.53
40.5,-116.25,2023,243,82.23
40.5,-115.625,2023,243,80.67
40.5,-115.0,2023,243,80.29
40.5,-114.375,2023,243,82.32
41.0,-119.375,2023,243,83.86
41.0,-118.75,2023,243,85.84
41.0,-118.125,2023,243,85.37
41.0,-117.5,2023,243,84.63
41.0,-116.875,2023,243,83.98
41.0,-116.25,2023,243,81.49
41.0,-115.625,2023,243,81.46
41.0,-115.0,2023,243,80.78
41.0,-114.375,2023,243,82.42
41.5,-119.375,2023,243,82.02
41.5,-118.75,2023,243,83.84
41.5,-118.125,2023,243,84.97
41.5,-117.5,2023,243,83.83
41.5,-116.875,2023,243,82.74
41.5,-116.25,2023,243,80.56
41.5,-115.625,2023,243,79.79
41.5,-115.0,2023,243,80.7
41.5,-114.375,2023,243,81.87
42.0,-119.375,2023,243,82.15
42.0,-118.75,2023,243,84.19
42.0,-118.125,2023,243,82.78
42.0,-117.5,2023,243,83.1
42.0,-116.875,2023,243,83.21
42.0,-116.25,2023,243,82.37
42.0,-115.625,2023,243,81.54
42.0,-115.0,2023,243,81.35
42.0,-114.375,2023,243,82.26
